420 100 35 3
6 47 9
25 11 106
25 15 4
67 68 77
49 50 37
6 32 152
6 30 86
25 7 4
6 25 3
24 90 131
35 75 57
59 84 122
6 14 150
78 79 9
35 50 61
59 76 20
35 59 194
6 7 58
35 36 37
35 32 141
35 33 138
92 54 188
36 59 62
36 68 48
79 38 194
79 36 99
24 25 104
91 92 104
24 18 166
79 59 39
60 61 198
5 35 116
79 65 31
5 37 94
36 37 62
24 0 54
79 69 195
48 49 94
5 26 34
5 27 57
79 80 160
5 21 51
90 91 170
47 95 61
37 38 119
5 6 145
26 33 7
90 69 111
26 20 171
26 27 28
26 28 176
26 1 191
69 67 78
26 5 123
26 8 41
36 82 166
26 10 183
69 70 184
80 46 189
58 59 187
4 25 54
80 69 86
59 42 76
68 45 129
4 26 177
59 43 69
4 28 130
25 85 195
80 85 32
47 48 115
4 11 157
59 60 136
68 69 30
4 16 175
80 81 89
4 21 9
89 90 39
4 5 41
25 26 200
25 29 61
25 28 15
9 23 15
94 95 23
9 25 12
81 62 22
70 71 182
9 17 174
22 9 54
9 10 176
9 12 14
22 30 32
70 63 122
46 47 119
33 4 183
46 55 179
22 23 169
9 26 103
22 27 71
81 85 72
81 82 130
8 69 99
21 89 37
21 92 175
9 2 109
21 79 102
8 87 163
95 67 57
21 34 23
45 98 177
21 36 153
69 88 61
8 17 107
20 95 195
21 4 79
21 5 195
82 68 133
33 27 102
8 9 179
33 30 101
7 97 2
33 37 97
21 28 55
33 34 110
21 22 140
82 52 148
8 20 185
57 58 66
21 17 196
8 24 179
45 46 86
55 93 183
23 51 4
34 35 135
34 31 169
82 91 190
82 83 85
7 89 6
33 97 170
7 34 130
93 94 11
23 12 136
33 94 130
23 19 94
23 24 3
23 30 175
23 31 200
34 24 131
23 28 154
34 22 22
34 18 154
34 13 147
7 56 113
55 56 75
44 68 23
71 49 118
92 93 64
35 13 27
71 44 66
35 14 134
7 2 164
35 1 176
34 90 4
83 67 3
7 8 115
7 10 161
23 2 137
44 45 52
56 57 145
7 22 49
23 4 77
23 7 177
7 27 91
71 72 83
83 84 60
11 80 126
62 44 99
19 8 10
86 87 49
97 71 173
19 0 38
19 2 193
43 44 143
18 86 60
97 61 42
43 47 199
62 54 168
62 47 65
30 16 24
0 1 44
12 24 50
43 60 85
72 73 26
43 58 142
30 18 63
12 16 20
12 22 61
0 5 121
19 32 87
19 29 126
12 13 157
29 93 188
12 11 78
30 2 119
54 55 145
12 2 193
19 23 38
30 5 127
19 20 29
30 9 120
43 80 94
11 92 43
11 20 180
61 62 80
98 56 138
18 35 179
73 74 140
61 55 104
0 36 37
11 12 112
11 15 35
54 69 116
30 53 199
0 11 144
30 34 178
0 12 120
98 38 152
18 19 14
11 7 193
18 21 47
85 99 21
30 31 198
0 21 80
61 77 185
73 44 99
42 87 168
11 49 38
31 2 99
85 86 6
97 98 154
11 33 178
61 51 154
11 30 55
41 86 99
10 36 62
31 32 103
85 56 16
10 47 143
31 13 107
20 30 78
74 75 38
31 19 61
10 24 113
20 25 162
31 4 83
31 6 49
31 9 42
31 64 102
95 94 171
63 51 153
95 96 34
95 97 47
84 99 136
42 43 134
63 64 27
96 97 92
84 85 111
32 2 22
9 67 12
9 42 184
53 54 135
62 63 143
53 66 50
10 15 102
32 33 120
41 42 77
10 14 108
32 29 174
10 11 27
20 21 42
32 30 118
20 22 32
41 49 153
62 74 34
32 24 70
32 22 10
2 29 145
89 63 60
16 8 48
2 27 150
16 26 166
40 42 14
75 90 93
40 41 56
2 46 16
16 22 34
75 94 107
16 17 37
2 53 30
16 13 108
26 98 165
40 89 4
14 87 161
75 76 139
15 0 200
16 35 115
75 77 100
2 69 162
51 66 59
15 13 112
2 77 95
15 14 26
75 58 8
15 16 129
27 28 63
15 18 93
64 75 17
51 52 32
15 30 77
15 28 87
3 0 57
88 89 97
2 96 127
3 4 57
3 10 14
3 11 99
3 9 27
64 65 180
76 90 49
88 96 133
14 12 188
14 10 94
76 67 141
3 23 101
3 21 198
14 6 190
14 4 108
76 77 179
14 3 64
14 0 19
13 88 29
39 72 132
14 25 67
14 26 71
88 53 51
52 53 18
15 63 76
14 23 101
76 62 199
14 13 134
14 15 62
28 6 24
28 9 170
98 90 138
28 29 86
28 27 158
0 82 149
98 99 138
28 17 25
13 14 116
13 20 75
28 19 173
1 15 163
13 29 38
1 10 52
88 43 23
1 11 66
66 58 183
13 32 179
66 72 69
0 96 46
66 67 193
0 91 14
1 2 124
13 35 4
1 31 160
87 88 37
1 33 103
28 58 4
1 24 81
28 52 26
66 51 197
39 40 27
18 6 63
18 7 54
29 5 167
29 3 66
78 40 43
29 0 34
12 33 10
38 39 88
38 42 37
29 20 43
29 21 189
50 46 122
29 15 1
29 12 57
29 11 8
29 8 193
50 51 12
65 66 49
2 1 181
12 70 109
17 4 84
2 3 56
29 30 98
1 96 133
17 15 110
17 18 114
2 19 97
50 79 156
77 78 102
50 73 113
65 54 5
17 23 43
50 76 109
13 2 87
13 4 162
13 0 112
2 15 4
99 59 25
