92 40 27 7
34 38 9
31 30 5
31 32 7
19 8 6
28 29 9
37 38 1
34 35 7
34 32 1
37 34 2
13 14 7
9 10 6
37 32 2
2 36 3
37 33 5
5 6 6
37 30 10
37 31 9
6 34 6
25 3 6
20 25 1
13 27 6
16 17 1
9 30 6
22 23 10
1 2 10
13 35 1
9 28 3
0 1 8
13 38 9
7 28 5
26 27 2
23 24 1
6 7 9
35 36 3
35 37 8
6 4 1
12 13 2
35 32 2
39 36 4
27 28 4
15 16 7
35 33 7
39 32 10
19 20 7
15 7 5
31 37 2
23 36 6
1 35 3
11 21 8
3 1 4
3 4 6
11 13 5
11 12 5
3 11 4
7 4 7
38 39 4
0 37 7
7 8 10
30 33 1
18 19 1
38 29 5
38 35 5
24 30 8
30 31 3
30 32 7
24 25 9
18 15 9
29 34 8
2 3 7
24 17 5
8 17 4
29 30 5
29 33 5
36 29 5
36 32 3
32 33 7
20 17 9
32 34 9
20 21 6
10 11 1
8 9 3
21 0 4
14 15 9
4 5 4
36 37 8
33 31 6
17 18 6
2 19 10
33 34 3
25 26 3
21 22 6
29 38 10
