5195 2000 804 8
1420 1421 8
911 1748 4
1515 1570 3
814 815 21
808 1349 28
1901 1383 5
1417 1677 4
1811 1812 28
629 71 21
537 611 16
49 50 13
1029 1030 9
144 145 19
542 187 31
46 328 14
623 624 22
538 539 3
1518 1338 29
728 729 34
47 180 22
1516 1517 6
1119 1646 21
1819 1064 28
1982 1983 30
1005 1006 15
736 20 11
1025 1331 29
1584 1950 16
1195 1654 23
1817 1270 25
1125 1126 33
240 241 14
1200 1201 3
732 395 27
1416 1753 21
433 27 31
1695 885 32
735 124 21
1686 1687 2
1006 1007 30
140 419 28
537 538 10
1896 1897 18
428 429 1
1027 1124 29
343 344 26
236 694 7
1685 1686 14
140 434 32
241 242 2
1201 1202 18
540 298 22
538 473 23
1595 1086 12
807 1402 13
908 1985 14
1293 1649 10
920 921 5
1995 897 17
1293 1653 29
1810 1811 14
736 85 2
813 814 7
1902 1396 28
543 49 5
535 760 34
734 267 19
1685 1699 29
1983 1984 5
1589 1590 11
48 49 19
1028 1029 7
626 382 8
428 406 32
625 473 19
1123 1363 8
1297 1298 23
1419 1420 20
45 275 17
1981 1982 11
535 656 34
1687 1688 32
344 310 9
430 431 11
1815 1592 30
1007 1008 30
1296 1297 12
1590 1591 12
733 143 2
1126 1127 23
922 923 14
1199 1200 18
236 754 34
339 768 8
1897 1898 4
621 622 29
1422 1069 8
535 694 30
433 135 25
625 262 10
344 345 2
1022 1745 5
1030 1031 3
143 402 15
143 391 32
340 711 35
728 612 15
727 728 7
46 119 12
145 108 13
812 813 1
622 623 34
921 922 35
1420 1229 14
1982 1960 19
47 48 7
1515 1516 9
1812 1813 2
340 745 4
1517 1345 15
1418 1419 20
1993 999 12
46 129 5
734 111 24
541 76 24
139 648 29
429 430 32
1598 895 8
242 243 4
1424 835 23
1129 948 31
536 537 7
1127 1128 20
239 502 31
1909 911 17
728 678 22
1195 1587 26
627 162 17
145 146 30
1898 1899 33
340 782 1
914 1598 25
1819 867 15
426 418 22
736 254 16
1813 1402 18
817 818 25
236 373 17
1980 1966 11
1688 1229 17
1815 1212 11
625 193 6
1812 1483 4
623 366 32
426 427 13
732 598 22
534 620 8
46 47 31
140 226 14
42 408 6
1025 1627 10
141 142 17
1585 1638 19
535 536 7
538 272 15
1203 1204 32
620 621 18
1417 1418 18
731 732 3
232 693 15
1893 1894 14
1008 1009 24
42 391 31
625 149 25
1295 1806 10
239 72 24
340 341 18
1898 1443 25
1808 1809 9
1516 1266 22
46 41 18
924 906 18
139 344 31
38 729 16
1683 1684 35
237 238 2
1818 897 10
1900 1248 27
1513 1514 8
1008 1102 5
736 317 22
1900 1308 1
1009 1010 11
1808 1785 5
1204 1205 34
732 676 26
535 484 9
626 163 6
917 1431 4
1415 1553 15
425 426 24
1682 1683 16
238 237 15
736 305 29
1416 1455 22
1031 1032 7
238 239 32
1128 1129 4
1816 1043 23
234 602 12
45 78 15
235 515 29
1514 1515 25
1129 1093 35
923 924 16
135 654 18
1300 1301 34
816 817 13
1032 930 31
235 503 27
733 622 15
535 516 6
235 501 17
535 517 2
237 318 27
1586 1587 7
423 574 21
1980 1981 9
137 462 1
1126 1344 33
918 1356 6
736 340 2
736 339 21
42 317 1
1416 1417 6
336 746 32
627 29 13
45 46 7
1894 1895 3
1681 1977 27
341 342 18
239 240 34
137 638 16
237 412 31
1587 1588 14
729 745 20
45 15 21
1033 1034 23
539 47 30
44 100 23
729 730 7
1988 1079 34
43 182 15
143 144 8
1196 1681 12
535 451 9
1293 1859 14
1978 1979 7
427 428 28
534 535 9
141 315 28
1299 1300 27
43 162 22
1129 1130 34
925 926 17
733 410 4
336 801 31
624 96 21
810 1266 31
925 918 25
429 222 9
1979 1980 7
730 731 34
533 534 32
1510 1701 35
238 395 12
922 1113 34
1508 1881 6
1809 1810 20
815 816 8
140 307 24
625 115 24
1588 1589 26
37 673 6
237 473 13
138 477 21
1295 1559 30
44 45 10
924 925 23
1512 1513 8
1686 1452 12
620 558 10
1298 1299 21
1415 1416 9
234 724 20
1902 1240 4
1028 1404 33
140 344 27
1681 1943 4
342 343 20
1130 1131 13
814 864 31
1684 1685 20
1903 1196 9
619 620 22
431 9 18
1514 1363 1
806 1567 6
1010 1011 18
1417 1201 18
1808 1852 5
1032 1033 22
623 257 32
44 5 12
1202 1203 14
1895 1896 2
142 143 29
812 1030 20
1803 1989 14
436 250 32
1028 1584 21
1805 1806 4
1292 1293 30
1206 1171 33
915 916 10
434 435 30
1592 1753 12
43 44 9
337 338 18
1594 1595 6
335 520 24
150 151 29
237 0 22
1011 1012 9
1901 1902 5
1002 1815 6
237 18 8
722 723 16
338 210 10
1114 1540 26
438 113 3
150 109 24
40 331 6
1597 1339 8
39 435 22
1119 1120 6
631 416 7
1510 1511 19
436 306 1
812 1528 28
1206 1207 24
1680 1681 26
820 821 8
1511 1512 5
723 724 15
148 250 6
628 701 35
339 211 27
536 160 26
1977 1978 12
1902 1903 27
1205 1313 7
1111 1902 10
144 617 21
1122 921 6
334 674 7
436 204 1
235 236 11
1028 1535 10
1115 1567 32
1120 1121 23
532 533 22
806 1969 7
629 630 5
1030 1377 16
1292 1196 30
819 820 6
634 199 7
1683 1343 12
1514 1215 20
1284 1907 6
1010 1168 10
42 87 11
339 179 34
1292 1191 2
914 915 25
1420 1879 29
1034 1035 6
1291 1292 20
1595 1596 19
1012 1013 32
149 150 32
728 267 33
1425 1426 25
1121 997 8
818 819 4
906 1850 5
35 623 33
1909 1343 9
533 363 35
1975 1976 34
1284 1871 20
531 532 8
627 596 8
435 468 3
1428 1060 15
1293 1074 10
1424 1425 20
1903 1904 17
1509 1510 20
721 722 19
338 339 29
236 237 7
238 58 7
151 152 22
335 609 19
1596 1562 8
438 229 22
437 325 30
627 628 2
1036 1037 9
436 437 35
42 43 4
145 699 22
337 437 24
1807 1808 7
1913 983 13
232 595 34
1602 1056 32
36 470 27
813 1196 23
339 340 19
1814 1069 2
1596 1597 17
1598 1416 30
1595 1682 18
916 917 13
1035 1036 35
729 86 29
1681 1682 32
151 136 28
1013 1014 8
433 598 14
530 576 12
722 700 3
1290 1291 30
1033 1221 25
724 520 34
1205 1206 27
1806 1807 21
1976 1977 29
530 531 2
1426 1195 33
809 1589 22
908 1577 19
1811 1364 20
729 30 31
41 42 22
435 436 29
723 562 7
334 749 31
628 629 16
1121 1122 9
632 270 23
628 622 9
334 772 21
338 416 7
435 452 11
41 65 11
1982 1465 7
142 610 12
918 919 27
1295 1296 20
226 716 13
330 710 24
1117 1588 18
1592 1510 34
1009 1434 2
337 92 9
227 634 17
916 1110 26
1037 1038 25
334 335 16
40 41 34
1122 1123 31
147 148 1
811 1821 18
1591 1592 27
1423 1376 34
909 1710 17
1508 1454 32
1904 1406 24
1118 1464 17
1014 1015 33
1209 1202 23
1423 1424 34
140 754 22
725 723 24
631 164 28
332 503 35
725 726 5
1975 1885 1
1974 1975 22
627 526 30
1677 1678 32
331 572 32
1507 1508 4
429 661 28
906 1926 8
233 154 22
727 637 31
726 727 23
529 530 15
1204 1676 28
1203 1766 7
335 336 7
728 536 16
228 586 29
232 233 29
1811 956 5
1801 1836 28
1209 1210 5
626 627 29
1294 1295 5
145 243 8
1508 1509 28
1802 1803 7
822 823 10
431 432 30
1804 1615 2
528 601 30
1513 1056 20
1899 1900 30
917 918 4
1904 1445 14
527 661 13
428 672 28
1592 1593 22
146 147 10
1977 1759 27
1005 1873 28
1422 1423 3
1293 1335 25
821 822 6
34 470 17
232 320 4
337 219 8
732 14 31
724 725 1
339 32 19
624 625 34
1679 1680 2
1806 1606 34
727 438 12
723 796 23
1015 1016 24
233 212 35
1013 1197 12
533 107 9
1506 1507 18
1900 1901 25
1421 1422 30
1207 1208 8
145 451 9
231 380 19
727 423 21
1420 1552 29
1292 1394 17
1511 1039 19
1125 964 3
724 691 15
730 157 15
433 434 19
1209 1075 34
230 517 7
1683 1293 28
1039 1040 22
528 529 27
39 40 3
1901 1771 3
626 466 21
1123 1124 25
919 920 17
1293 1294 20
145 425 15
234 152 33
1804 1805 32
532 155 19
233 234 10
231 415 2
1005 1930 13
147 234 7
148 144 9
148 149 24
1801 1985 31
1803 1804 6
432 433 32
38 39 19
624 689 29
1973 1974 17
1680 1506 23
527 579 21
142 661 6
1678 1679 10
1593 1594 35
726 585 3
1029 1818 32
435 149 20
528 475 19
1506 1569 27
234 235 18
625 636 34
1124 1125 33
336 337 10
1201 1855 7
1426 967 12
235 140 5
625 626 26
338 156 28
1210 1049 10
1208 1209 23
632 0 15
147 184 24
1038 1039 33
1016 1017 12
236 31 2
1211 944 34
227 463 6
526 503 19
133 26 8
130 292 29
742 547 15
1799 1800 13
1308 1309 23
745 290 2
1706 836 16
132 133 14
908 951 23
1505 1506 22
898 1844 25
1408 1409 17
740 741 2
55 484 17
225 650 9
1114 1115 13
353 506 16
223 784 15
439 440 23
615 329 22
356 246 3
1895 1001 13
526 527 15
1885 1886 31
1807 1052 19
616 232 32
1212 1213 3
128 492 14
58 164 25
618 56 35
1411 1106 19
612 613 25
611 703 4
529 275 23
57 272 11
435 804 10
1018 965 33
1113 1114 6
909 910 28
994 995 10
440 441 30
1885 1792 19
739 740 11
1884 1885 17
613 464 12
441 346 8
1600 1601 5
531 143 2
743 410 22
1414 937 26
229 230 19
224 681 15
437 727 10
1697 1698 17
1994 1995 30
616 214 31
440 452 1
531 128 2
902 1543 22
908 1034 31
1017 1018 23
354 355 1
60 61 13
610 702 27
611 612 31
905 1297 1
53 673 9
352 525 20
1309 1310 9
825 826 3
527 528 3
133 134 7
1114 1086 16
611 624 35
225 551 21
744 340 34
1602 1603 20
358 160 10
1885 1979 31
231 232 8
1886 1887 19
1993 1994 19
991 1458 30
231 241 29
359 77 11
355 437 18
1811 873 26
1600 1800 32
356 357 12
1211 1212 12
1412 923 10
910 911 12
1698 1699 27
903 1532 23
526 402 20
1509 1038 1
50 758 34
1406 1407 29
1800 1801 31
823 824 15
1708 806 33
1018 1019 17
1602 1585 9
51 673 8
610 653 29
57 141 14
1412 889 9
996 997 17
130 465 6
1207 1538 26
55 327 13
1504 1505 17
1307 1308 24
58 59 1
134 120 10
358 91 20
824 825 17
355 356 18
229 339 8
1886 1824 14
1610 823 10
130 482 27
439 665 17
1801 1802 32
526 442 12
610 611 27
525 526 19
134 135 2
232 86 16
1503 1504 23
612 442 16
59 60 32
1019 1020 20
446 60 27
232 91 35
526 457 25
229 362 15
351 733 4
1204 1733 14
995 996 27
441 442 2
225 662 19
1890 1498 14
1014 1419 24
1696 1935 25
738 739 28
529 202 16
1992 1993 3
1312 907 20
1201 1987 29
1407 1408 32
230 231 12
1804 1530 3
1210 1211 26
446 14 3
531 45 16
1401 1935 7
231 149 8
1115 1116 4
911 912 3
1601 1602 16
1107 1824 20
993 1194 26
1697 1861 4
823 900 19
1501 1606 16
747 368 3
907 1301 22
227 214 19
523 524 35
129 130 32
1311 1312 26
1403 1606 31
1882 1883 25
1695 1540 5
816 1860 17
226 295 7
1502 1503 12
615 102 16
823 1231 5
1405 1406 24
123 655 27
525 328 17
129 116 35
226 284 1
437 389 33
818 1665 20
355 93 13
614 178 19
1796 1797 6
751 37 16
229 4 3
609 610 9
1215 1216 15
1882 1916 5
352 353 10
816 1841 2
743 744 22
221 705 9
745 568 11
1117 1118 10
608 686 26
1501 1633 17
1505 1280 28
747 383 9
1019 1047 34
124 648 25
351 352 15
125 563 29
56 209 14
997 998 26
912 913 31
523 589 22
1797 1798 29
742 743 4
1881 1882 33
226 227 9
990 1609 9
226 229 21
1694 1695 24
1116 1117 34
743 642 10
734 1442 22
1597 1598 23
435 624 2
1305 1893 33
1991 1992 25
437 447 18
613 206 28
50 720 29
827 937 15
1889 1185 24
1312 1313 15
437 438 3
128 316 32
611 370 9
130 131 33
524 525 7
828 829 5
227 105 19
1214 1215 13
350 454 24
438 331 16
124 657 27
1020 1021 9
57 58 27
748 229 34
350 447 32
436 505 20
353 354 14
1797 1866 33
438 439 23
1695 1696 6
222 781 14
608 609 12
747 241 24
746 333 10
127 427 12
1021 1022 24
354 253 7
1800 1579 22
1118 1119 30
999 1000 3
913 914 19
55 66 27
222 756 16
524 336 20
1997 1376 12
1599 1600 7
745 449 21
819 1446 15
228 229 3
522 523 20
441 149 33
826 827 11
1997 1370 27
1990 1991 25
48 673 9
1402 1516 8
1501 1502 11
1405 1246 3
1501 1506 8
55 56 15
519 773 22
827 828 3
744 450 10
53 342 8
1507 887 26
1808 942 29
129 334 10
442 156 33
1806 1124 22
53 319 5
1500 1501 13
124 754 24
1890 1222 28
131 132 1
1213 1214 1
56 57 8
438 499 13
747 165 13
1310 1311 28
904 1742 22
129 318 12
226 332 3
912 1072 8
521 669 30
521 668 6
998 999 8
1798 1799 24
1696 1697 11
1116 1284 34
607 608 21
741 742 8
748 119 30
1883 1884 27
1404 1405 3
124 790 32
228 141 35
227 228 20
130 253 33
1705 880 15
1598 1599 4
442 106 30
912 1062 13
903 904 8
1022 1023 13
349 350 17
352 84 35
442 684 17
1214 1533 22
1000 1001 10
741 147 7
346 615 16
1989 1945 24
619 478 3
830 831 32
1506 932 11
351 193 35
901 1101 23
1793 1794 23
1691 1692 23
346 637 4
138 139 34
739 347 27
1606 1607 19
137 223 20
1690 1785 29
891 1940 31
136 268 9
1411 1635 11
445 446 11
1604 1813 28
520 521 6
1104 1475 29
1694 1383 28
1218 1219 33
734 735 18
618 619 24
137 201 16
622 264 5
54 55 32
135 366 29
1000 1047 14
1989 1990 30
224 225 12
523 356 29
351 114 30
218 652 30
521 522 12
221 380 27
225 18 19
989 1917 5
1890 1891 26
223 224 9
622 166 12
1414 1415 5
1217 1218 27
1793 1865 1
1212 1663 31
139 118 26
1499 1500 3
618 526 31
831 832 20
352 42 28
1988 1989 29
734 717 31
522 452 13
738 367 11
1108 1109 11
739 279 12
1023 1024 23
53 177 31
348 349 1
48 643 13
1419 988 11
622 176 23
1691 1715 17
617 618 16
1794 1795 32
1303 1304 35
616 731 18
738 342 18
1417 1186 27
1899 1077 32
1607 1493 33
49 562 15
616 617 4
1105 1551 28
446 447 4
519 520 20
1987 1988 25
451 9 34
522 249 2
523 161 1
733 734 23
225 226 13
1412 1413 29
621 183 18
1110 1111 24
1697 1285 2
1692 1693 14
904 905 6
350 351 18
992 1867 14
824 1270 6
1608 1576 18
829 830 29
219 788 11
140 43 28
135 495 15
1102 1802 35
1409 1711 3
1892 1893 30
226 175 35
621 217 5
1498 1499 11
1301 1302 32
139 140 27
52 114 18
1024 1025 22
615 761 5
1701 899 1
1002 1003 18
822 1472 34
1301 1296 12
821 1568 30
1693 1694 19
1605 1753 3
905 906 5
901 1268 30
1102 1755 25
1703 808 13
447 427 27
350 326 22
1795 1796 10
738 228 11
134 676 13
219 695 18
47 578 7
140 141 24
139 224 25
225 167 20
351 247 7
1302 1303 23
447 448 34
1702 905 26
53 54 12
224 262 7
1410 1647 26
1001 1002 8
353 18 23
1607 1608 8
1498 1411 19
1497 1498 29
1891 1892 29
139 194 29
732 733 8
224 276 11
1109 1110 28
1903 850 25
1413 1414 30
1496 1617 3
621 155 23
737 297 24
1414 1330 26
519 566 18
45 801 24
1216 1217 5
620 251 18
517 588 30
523 52 34
1888 1889 9
1025 1026 6
442 443 6
906 907 26
613 775 8
1003 1004 11
833 834 35
439 702 3
1790 1791 19
1688 1689 17
616 498 10
1027 836 4
1603 1604 32
1609 1070 29
999 1348 24
135 136 31
619 224 13
343 624 34
833 819 19
130 573 33
345 438 22
1104 1745 5
1989 1730 14
346 347 2
827 1402 14
1221 1222 35
737 738 26
1889 1777 26
221 222 7
615 616 34
134 193 18
1305 1306 28
131 463 35
1111 1112 14
1986 1987 9
51 52 23
45 586 21
444 328 19
1500 1151 27
521 291 20
1303 1600 14
1985 1986 32
220 232 11
614 615 10
1015 1988 25
616 435 31
1791 1792 22
1795 1436 16
742 266 28
129 740 8
1220 1221 10
898 1680 17
220 221 26
43 804 16
1219 1285 2
1496 1497 3
1411 1412 15
896 1835 7
1606 1280 18
742 251 10
1221 1152 24
993 1868 30
1215 1687 30
1310 944 24
52 53 19
50 227 28
1306 1307 27
342 630 17
1887 1888 15
1302 1664 17
518 519 2
993 1859 8
443 444 12
441 625 12
345 369 29
834 835 23
522 155 16
1212 1935 18
1222 1052 1
824 1728 7
1026 1027 33
345 346 1
132 538 17
440 746 34
736 737 4
1306 1146 6
345 589 26
42 716 7
742 210 5
1409 1410 5
1993 1204 21
222 223 23
1612 939 15
1217 1403 12
1219 1220 26
46 343 12
1304 1305 12
441 645 1
613 632 17
832 833 6
907 908 20
48 206 22
347 382 14
1605 1606 10
1889 1890 27
48 211 3
1027 1015 3
516 517 26
1792 1793 29
1686 1976 32
1495 1496 28
735 777 12
1217 1436 8
136 137 33
1985 1942 35
1689 1690 21
516 602 20
1604 1605 1
346 439 27
612 670 20
347 348 19
46 414 2
517 518 32
742 146 26
1000 1315 24
1220 1074 23
137 138 22
1406 1727 1
50 51 35
1027 1028 3
444 445 28
44 586 2
1112 1113 26
908 909 24
522 33 15
618 161 18
1690 1691 4
221 300 21
522 36 25
346 405 2
741 197 32
1607 1370 33
1992 1278 21
739 372 18
444 486 30
613 614 27
1984 1985 21
738 471 22
735 736 23
600 1747 1
441 731 34
1410 1411 9
350 40 27
611 780 2
1004 1005 31
1499 1069 24
706 504 1
558 679 4
453 454 34
1396 1397 10
1844 1071 26
219 220 33
790 791 30
22 281 31
711 40 15
563 214 17
899 900 4
984 985 29
1053 1054 27
887 1964 29
367 368 19
644 645 34
1835 1836 13
217 374 5
1837 1658 6
1920 1921 25
366 455 34
1842 1215 26
1567 1568 20
1489 1759 18
704 705 30
1492 1493 8
123 124 30
793 490 31
1396 1341 26
21 331 28
1319 1320 21
1318 1407 19
1149 1150 21
560 437 23
1318 1319 2
645 646 9
1145 1549 15
1568 1569 17
122 123 9
896 1129 15
1397 1244 23
1214 1980 28
986 887 4
367 382 4
19 479 12
1395 1396 14
24 25 2
452 458 24
1834 1883 4
1222 1223 23
123 69 25
789 790 14
218 352 21
1318 1356 34
559 560 7
1664 1665 3
452 453 27
1663 1756 22
1395 1384 20
217 422 11
710 224 27
557 720 35
1497 1087 9
1045 1666 15
1043 1850 20
1052 1053 10
1834 1835 2
26 52 5
1663 1664 23
705 706 27
1493 1494 10
121 143 26
1663 1659 32
1843 1027 4
1843 1025 19
213 630 8
24 236 21
562 451 22
117 480 11
1223 1224 19
121 122 21
216 339 35
979 1302 9
1926 1220 30
1918 1919 6
704 791 32
797 293 28
1320 1321 24
365 366 6
565 167 14
561 567 23
797 269 3
791 801 34
1397 1398 35
561 562 26
120 264 13
1049 1269 18
26 27 25
215 423 9
983 932 11
451 452 8
217 218 19
21 447 11
984 823 20
709 381 26
791 792 31
21 456 30
898 899 17
1313 1970 13
897 898 12
1919 1920 4
560 561 8
215 511 20
707 596 18
795 413 9
1150 988 10
792 687 27
891 1445 3
1051 1052 19
650 336 19
1671 882 18
645 757 10
1398 1268 24
1491 1727 18
886 1865 25
1148 1149 35
1662 1663 35
646 671 5
451 424 6
1833 1834 1
1392 1779 22
794 468 10
646 647 23
362 739 13
122 17 9
1494 1495 28
712 191 8
218 219 26
368 217 17
712 166 24
366 367 15
25 26 35
653 13 13
1143 1624 22
706 707 13
1837 1451 29
1566 1567 7
1492 1660 28
648 463 3
983 984 29
454 98 34
1394 1294 7
448 633 26
897 1341 9
1142 1991 7
450 451 13
117 350 34
1219 1709 21
363 408 6
216 217 28
797 407 10
1056 1057 8
1393 1394 32
554 777 28
642 595 7
641 684 28
1919 1723 8
987 988 17
22 23 34
562 63 31
902 903 28
707 658 10
16 559 34
1496 857 12
364 365 18
19 251 27
1224 1225 34
19 249 22
799 204 16
707 680 7
1832 1833 7
363 448 13
1571 928 16
1564 1565 16
213 447 11
1917 1918 9
120 121 25
1152 1153 29
1227 969 27
1489 1490 9
648 24 7
1326 972 12
646 199 2
794 657 12
1495 966 6
1322 1323 8
641 642 19
119 120 32
795 531 14
365 302 15
1225 1226 29
642 643 21
1664 1360 10
1225 1236 12
1565 1566 9
1393 1323 28
1929 889 30
792 793 2
707 708 16
360 746 2
1150 1358 31
647 219 8
898 1196 10
217 209 30
901 931 6
1321 1322 28
556 557 31
1567 1358 31
1661 1662 9
643 536 20
1392 1393 4
645 363 27
21 22 31
212 621 28
1490 1476 25
1659 1859 4
449 450 3
557 471 3
450 362 19
978 1820 7
1055 1056 5
560 210 14
891 1852 23
1229 948 24
1660 1661 25
1566 1292 4
1831 1832 35
1490 1491 6
802 102 31
1150 1151 28
17 597 24
1226 1227 33
209 727 6
648 181 7
708 709 14
22 157 15
562 197 25
1563 1564 24
709 621 27
1323 1324 15
1922 1323 34
448 516 9
209 736 30
1218 1930 3
985 986 6
796 592 12
1394 1395 21
558 559 28
1490 1518 21
113 624 1
645 408 34
1054 1055 25
23 24 9
446 646 4
1320 1605 18
1564 1424 16
23 34 15
115 454 31
1389 1857 7
1915 1979 16
647 248 23
891 1799 33
1829 1982 28
901 902 30
794 795 12
1916 1917 25
794 738 30
557 558 13
696 1821 2
1318 1687 3
365 176 31
713 311 18
1918 1727 9
1491 1463 15
976 1895 28
794 755 14
558 477 3
215 256 8
795 664 15
643 691 20
363 364 6
116 266 32
1151 1152 15
448 449 25
1046 1749 9
900 901 29
1838 1152 18
362 463 19
793 794 28
987 873 27
643 644 15
646 377 12
21 141 8
1229 966 13
215 216 13
446 582 3
708 785 7
364 301 13
1051 1260 24
1491 1492 6
648 213 1
211 579 34
118 119 12
1318 1746 10
709 710 4
117 221 27
1154 908 31
888 1998 31
986 987 31
1830 1831 28
1316 1081 29
1142 1272 7
554 555 27
1659 1660 26
213 214 20
886 1604 5
1227 1228 11
1570 1811 29
11 712 12
1401 1402 26
654 245 20
1486 1487 10
553 628 35
701 446 11
129 91 7
463 33 11
462 124 24
361 362 8
1931 1443 34
1481 1944 8
1313 1314 29
650 651 35
698 699 2
1050 1844 22
1577 1211 19
796 782 4
1573 1574 3
1491 1039 22
1222 1716 13
127 245 3
559 62 11
12 654 28
1998 1999 30
121 772 4
1228 1156 18
653 370 19
1060 941 17
19 20 7
1143 1144 24
208 668 26
1660 1532 1
1834 1347 11
458 431 9
362 363 24
1398 1624 8
1569 1957 16
1487 1488 28
802 142 1
699 700 7
128 129 27
1144 1145 17
18 19 18
985 1446 2
1487 1460 31
893 894 6
657 38 20
553 554 5
1665 1051 14
990 991 14
559 21 20
885 1600 21
1926 1927 26
458 459 31
1229 1142 29
652 536 32
1665 1027 12
214 215 26
795 796 5
1829 1830 4
1658 1659 2
800 348 30
1398 1641 21
127 178 30
1228 1229 32
801 243 15
1058 1059 9
213 85 5
1828 1829 9
651 652 7
703 414 22
1052 1506 25
1142 1143 6
700 679 22
1057 1058 24
1570 1666 30
702 477 11
1404 1273 5
355 772 9
1487 1539 23
17 292 6
1493 1004 20
1570 1659 22
1571 1572 12
988 989 26
653 469 9
1924 1925 27
704 286 33
357 581 34
799 633 32
555 556 25
650 774 28
460 211 4
212 213 27
699 738 16
127 128 31
560 116 2
556 478 21
1403 1404 14
1221 1925 1
457 458 26
1575 1253 7
459 290 5
797 798 8
1657 1658 5
892 893 26
1316 1166 7
1925 1926 8
981 1684 32
1572 1573 16
1402 1403 27
804 88 35
548 1155 3
1568 1911 20
802 255 24
554 597 17
456 457 13
213 128 3
209 486 29
1314 1315 30
1229 1230 13
796 797 8
1827 1828 14
1573 1454 12
206 763 23
453 728 27
657 173 34
1397 1825 11
559 158 13
1660 1357 5
1826 1976 6
1488 1489 35
1137 1622 12
20 21 19
784 1908 4
360 361 10
126 127 1
652 653 14
1402 1415 18
801 385 26
700 701 17
989 990 6
358 541 35
797 737 17
701 702 5
16 7 23
799 719 16
647 618 32
551 554 21
1656 1657 20
210 211 9
551 552 24
707 160 13
798 799 31
1051 1971 23
1150 808 3
1321 885 28
1146 1165 27
125 212 33
886 1854 14
1995 1996 13
12 379 2
119 740 10
16 17 33
347 1369 24
550 645 22
651 271 19
1230 1231 5
119 698 23
647 648 22
1569 1658 8
1570 1571 26
1654 1807 23
460 70 18
9 681 35
1483 1484 17
1146 1147 2
1930 1261 23
358 359 35
1233 987 23
1566 1944 5
1316 1317 7
209 340 19
211 162 13
1147 1133 13
14 117 29
359 360 23
125 126 21
646 768 4
1052 1809 15
1484 1485 9
457 241 20
993 983 4
361 176 23
212 88 27
123 302 11
799 647 18
1147 1148 34
689 1850 13
1654 1781 9
205 729 4
896 897 33
123 312 29
548 764 24
993 994 20
1144 1419 20
123 319 28
1310 1815 19
1665 811 14
455 456 12
549 635 11
552 368 30
1144 1369 6
1315 1316 14
15 64 12
1923 1924 5
647 709 26
13 243 16
1655 1656 31
553 271 26
356 587 24
1660 1214 30
1826 1827 23
211 212 2
1229 1393 9
555 89 16
121 446 12
1996 1997 33
14 147 14
209 411 24
1308 1957 34
654 102 4
126 27 14
1398 1399 34
1231 1232 22
454 556 22
1142 1567 33
354 778 19
1061 1062 33
550 551 27
1141 1478 27
648 649 20
550 766 26
454 455 8
1489 1117 6
1569 1521 35
1925 1609 16
1060 1061 12
357 358 3
991 992 25
1825 1826 22
702 703 9
206 466 5
206 463 6
552 553 5
452 655 17
124 125 3
1148 816 26
893 1055 20
1400 1401 12
800 801 26
209 210 2
1485 1432 15
1921 1922 12
451 764 15
1926 1477 28
895 896 23
1922 1923 13
358 316 21
361 46 10
703 715 24
1997 1998 25
1399 1400 32
210 138 10
650 530 15
1059 1060 25
453 472 35
452 573 7
1235 975 14
1317 1318 15
11 527 26
8 794 23
799 800 23
1232 1233 21
1933 950 20
655 113 33
1654 1655 15
705 555 10
1569 1570 27
894 895 9
116 763 16
1485 1486 24
649 650 29
1929 1271 18
118 588 5
121 321 3
450 764 14
1062 825 34
450 776 5
1657 1345 31
554 313 11
1145 1146 31
17 18 30
650 581 18
992 993 24
1570 1518 20
12 472 10
703 704 32
1929 1280 22
1914 1471 29
1909 1910 6
803 599 16
1041 1042 4
29 629 23
464 436 25
1675 1676 9
1379 1813 2
1483 1280 6
1138 1139 32
547 548 25
640 51 24
637 319 30
31 433 11
887 888 6
1921 820 6
1823 1824 30
383 20 32
208 209 34
379 380 8
111 112 30
382 117 24
1579 1580 32
803 575 20
633 634 25
35 36 18
1679 1341 7
636 368 13
34 128 13
546 669 3
723 84 8
1481 1482 22
1678 1424 12
973 974 15
716 717 31
634 558 9
111 94 22
715 716 18
804 574 21
381 107 18
547 628 30
464 493 18
1480 1501 33
548 549 14
105 677 29
722 104 11
1824 1825 31
378 379 10
1233 1234 23
719 367 28
209 69 19
547 613 26
203 600 34
1330 1331 35
1575 1893 16
1480 1481 16
638 168 15
465 394 3
552 216 9
105 698 30
464 465 17
382 46 2
801 802 20
1578 1601 24
461 735 15
36 37 14
888 889 25
552 200 30
107 507 9
1676 1677 30
722 108 30
1043 887 11
1384 1385 11
34 196 31
631 756 4
803 617 1
207 208 18
1672 1817 22
37 38 24
1578 1579 15
968 1331 28
462 477 5
803 723 23
635 636 33
1583 1110 28
717 718 19
1385 1386 1
802 803 27
884 1027 19
1235 1236 32
972 973 34
109 110 10
462 463 4
377 378 8
202 628 28
549 550 35
464 278 20
109 165 6
1137 1138 17
1130 1768 19
1380 1820 33
874 1956 17
886 887 22
1908 1909 33
1674 1675 35
1328 1596 4
719 572 23
725 45 6
724 133 5
464 264 19
1331 1332 11
203 515 17
1379 1901 32
376 505 11
467 110 20
463 465 11
1831 1069 10
1136 1137 28
463 464 2
716 762 16
461 637 28
466 192 16
874 1990 1
1488 919 16
1386 1387 3
711 1192 32
637 386 6
379 147 10
1577 1578 10
206 207 30
31 614 25
1040 1041 25
970 1070 8
634 635 24
1332 1333 7
971 972 21
718 607 13
1333 1240 27
553 251 28
1482 1483 5
1684 850 32
106 473 30
1822 1823 28
1485 1197 21
884 1121 23
1907 1908 18
466 147 3
466 148 20
635 525 3
110 111 14
464 321 12
965 1488 11
1234 1235 3
960 1934 15
1913 1385 18
105 337 12
464 158 34
1237 1190 33
889 961 13
1906 1907 6
885 1320 21
373 616 20
1672 1673 25
1381 1382 32
1141 1142 9
27 542 27
1916 1038 25
1044 1045 32
371 804 14
463 264 10
1480 1312 8
890 891 3
1383 1197 23
462 359 25
1478 1479 6
630 703 34
373 634 6
1376 1781 8
1820 1821 12
803 804 1
545 504 15
1823 1551 24
376 377 10
1682 823 22
108 109 18
633 386 24
1576 1577 5
375 474 14
458 671 11
379 117 24
718 795 29
205 206 28
884 1448 1
633 394 13
1033 1989 6
1483 1072 2
30 240 34
206 128 33
976 977 26
379 124 9
546 436 6
887 1192 3
977 894 27
719 720 16
27 513 15
1821 1822 9
635 173 29
891 843 17
377 189 6
205 172 28
375 376 9
204 263 10
27 595 24
206 87 28
1378 1690 8
1824 1553 15
1236 1237 20
1136 1525 4
545 546 29
1333 1334 15
630 631 17
543 737 2
718 719 10
205 145 4
108 174 19
373 584 10
1673 1674 7
461 462 28
458 729 17
891 892 20
201 508 26
101 798 20
882 1695 12
33 34 16
458 740 32
32 127 10
804 805 9
31 220 30
1474 1805 11
204 253 29
1679 1158 29
974 1096 26
204 205 13
545 606 6
34 35 6
1575 1576 29
378 37 20
547 421 23
721 616 22
632 633 12
105 205 27
1238 1239 17
1819 1820 22
805 806 16
1576 1494 22
32 228 7
975 976 7
104 312 6
376 228 3
727 95 3
720 721 6
547 437 10
877 1914 28
546 547 8
1042 1043 17
101 594 23
1237 1289 1
1671 1672 15
29 439 30
1382 1383 13
1334 1335 27
1674 1415 9
1905 1906 7
372 627 12
1576 1472 32
1140 1141 11
459 460 30
1914 994 35
1043 1044 25
460 461 8
1383 1384 21
631 659 35
974 975 2
889 890 29
32 293 9
370 706 26
106 208 11
376 174 27
1904 1905 30
1381 1580 25
107 108 7
719 741 22
635 315 17
1139 1140 11
545 703 35
631 632 31
634 364 25
1045 832 26
1911 1296 17
26 781 26
1479 1480 33
107 121 8
719 756 30
1574 1575 14
972 1145 15
200 470 6
1237 1238 32
374 375 30
203 204 9
806 807 11
1927 858 28
639 640 32
1915 1916 10
469 470 12
204 61 13
539 803 1
1324 1325 13
1239 1240 27
1323 1412 14
1389 1390 10
112 513 4
1823 1285 14
1128 1546 4
1817 1818 18
109 785 8
201 346 1
373 370 28
806 844 27
109 764 5
710 711 35
544 315 18
1480 1047 24
639 671 13
1585 1586 31
373 374 11
1816 1960 7
979 980 1
539 746 34
371 528 8
369 721 8
1475 1476 34
543 502 22
1818 1819 25
475 0 5
374 254 12
371 525 19
1236 1453 11
1584 1585 32
1818 1812 15
1231 1886 8
638 639 2
645 17 27
1132 1133 27
30 31 34
1047 1048 8
1473 1618 16
1043 1395 26
978 979 10
645 23 25
1827 996 4
541 673 22
975 1251 35
371 511 22
470 471 16
1914 1915 6
1388 1596 29
1670 1671 31
878 1253 2
1917 1642 1
1241 1036 4
202 203 13
641 432 23
117 118 24
542 543 5
970 1713 3
1390 1391 13
473 197 23
470 462 7
882 883 3
807 808 20
116 194 32
710 642 25
640 503 4
1047 867 23
372 373 35
31 32 4
718 165 8
1129 1350 20
1477 1478 2
113 311 23
1045 1046 33
200 268 20
472 64 29
1038 1648 24
970 1626 30
464 774 15
718 148 8
115 116 3
715 411 8
1922 1158 33
1385 1877 3
1131 1132 2
468 469 14
543 544 2
1668 1669 31
1391 1392 27
195 753 20
880 881 3
31 58 35
644 341 15
1914 1828 4
1913 1914 12
372 323 12
113 266 9
976 1129 26
1386 1813 26
1816 1817 25
471 182 10
1916 1652 29
201 202 10
1325 1326 12
116 117 21
1233 1848 20
200 219 20
719 19 23
1236 1582 4
117 19 21
1669 1670 5
881 882 31
712 634 29
544 545 34
545 443 11
24 704 5
1326 1327 34
713 530 19
968 1740 2
711 712 26
473 41 11
367 724 30
200 201 33
371 372 16
808 809 6
470 351 28
1046 1047 17
646 113 15
32 33 24
977 978 10
1476 1477 33
640 641 1
640 639 20
1583 1584 8
467 612 23
369 534 16
1827 900 27
30 199 15
1240 1241 33
1671 1446 30
200 232 29
25 634 12
713 714 8
200 135 5
636 637 30
1039 1945 5
1825 851 27
1918 1373 26
1912 1913 1
1049 1050 34
466 467 21
1383 1663 30
199 234 32
874 1820 16
983 854 7
1672 1217 20
1327 1328 20
1582 1577 33
539 540 33
196 507 29
1242 1243 1
371 334 9
808 892 10
1136 1101 3
981 1060 24
1383 1707 6
971 1946 24
809 810 11
193 795 26
809 824 6
468 323 1
880 1256 1
1328 1179 13
1915 1615 23
1582 1583 14
370 371 10
542 244 9
982 983 22
27 28 15
541 329 4
1382 1802 34
540 430 11
23 390 8
1821 1258 21
113 161 16
200 73 27
1813 1996 16
1477 1017 16
544 139 7
639 292 7
1815 1816 30
1581 1582 8
1921 1051 6
1241 1242 22
1913 1758 18
883 1084 21
539 596 13
467 444 19
1467 1901 21
472 5 9
367 614 32
1137 955 1
1050 1051 21
466 537 8
1135 1136 20
981 982 27
19 782 30
878 1542 7
640 228 23
1472 1473 27
712 770 8
1387 1388 27
24 331 35
537 790 17
1911 1912 29
712 713 17
467 468 3
639 329 2
115 19 23
113 197 29
1477 988 2
634 776 35
199 200 21
714 540 4
1916 1461 1
1667 1668 24
21 615 24
970 1982 7
114 115 34
1241 1279 25
640 250 4
810 811 22
885 886 15
1129 1631 27
638 585 17
1665 1684 26
1322 1874 13
28 29 23
1134 1135 18
1381 1966 3
883 884 1
26 194 32
1474 1475 20
1321 1982 3
1587 998 28
468 180 25
365 737 34
367 555 6
1390 1195 8
198 199 11
1475 1407 31
1813 1814 26
1811 1999 14
369 370 23
1048 1049 29
112 100 17
540 541 13
465 455 28
1388 1389 1
1664 1754 17
1576 1995 2
541 438 6
1824 856 21
810 851 28
636 786 23
640 430 23
196 398 5
111 187 33
1248 851 29
1328 1329 14
1049 975 4
1665 1666 4
192 777 26
465 466 19
112 113 27
110 291 12
1918 1187 17
1664 1835 12
1130 1427 1
541 542 24
721 79 15
1666 1667 7
1578 1724 25
364 735 7
968 1989 6
980 923 1
1329 1330 29
971 1744 29
714 715 3
198 145 4
1910 1911 7
884 885 6
1470 1778 14
635 794 23
192 673 7
811 812 17
1480 898 15
113 114 27
1918 1205 17
637 638 23
642 193 20
29 30 30
196 336 17
1471 1644 11
1133 1134 25
1580 1581 28
1663 1907 6
1473 1474 25
112 180 32
980 981 14
1243 1244 5
636 749 2
1814 1815 21
194 526 31
1045 1401 27
643 118 27
640 385 11
1919 1087 29
368 369 13
1631 1632 22
1077 1078 28
381 296 10
1770 1104 2
187 188 23
490 491 4
1851 1535 21
1343 1623 1
771 772 4
574 575 4
577 309 29
297 44 31
1346 1347 24
292 488 7
878 879 22
951 1966 35
380 381 21
281 418 21
380 376 23
1633 1426 28
283 284 4
1173 1174 19
294 295 23
184 426 9
282 377 4
874 1229 11
1172 1255 1
384 70 14
488 616 22
294 284 26
1847 1848 27
292 467 26
487 713 31
1934 1935 8
1731 1479 7
1849 1660 6
488 619 10
685 686 12
1249 1250 16
1174 1175 26
1728 1729 19
575 576 9
383 65 7
1770 1024 33
686 687 27
489 490 2
963 964 25
777 175 35
1848 1849 7
954 1769 29
182 562 18
1248 1326 2
295 296 21
1935 1936 28
91 92 1
489 477 13
181 623 10
773 578 30
185 269 24
1341 1703 23
1462 1463 25
1345 1346 17
1858 944 1
1632 1633 12
186 187 2
1462 1467 20
777 205 14
1559 1560 13
1762 1763 15
281 518 3
877 878 25
86 532 10
871 1412 21
1068 1823 35
875 1061 15
90 91 5
964 965 33
1245 1414 12
291 731 9
1765 1668 17
1247 1248 1
380 516 5
1764 1765 8
1461 1462 24
296 276 9
82 798 5
684 685 10
284 285 17
281 552 3
1171 1490 32
691 54 25
1855 1293 18
1730 1731 12
774 373 28
558 1929 2
282 512 3
959 1433 31
1556 1654 1
1557 1558 17
493 56 3
1560 1272 24
1562 1093 18
1241 1790 29
770 771 31
573 574 24
188 189 18
776 234 6
1635 1421 31
488 489 24
281 576 35
1558 1559 21
383 191 19
291 793 2
1633 1634 13
1241 1838 25
1638 1196 34
1168 1840 16
879 880 28
294 531 16
1344 1345 15
769 770 2
1559 1476 26
84 553 32
1763 1764 4
186 326 1
573 598 32
1938 1493 32
573 603 6
1933 1934 24
89 90 31
88 179 31
1729 1730 28
1078 1079 32
378 668 3
965 966 5
1248 1249 15
281 659 6
1854 1421 7
1633 1674 9
298 132 6
381 382 30
1554 1865 21
1849 1850 7
285 286 13
492 78 15
87 311 19
182 649 20
1175 1176 28
296 297 10
94 95 24
1944 1277 35
1169 1295 26
1337 1895 29
1074 1075 4
297 298 26
1472 847 32
1249 921 27
1465 1466 13
576 660 20
490 732 9
950 1820 32
492 560 7
577 578 7
383 384 3
682 752 10
1166 1572 26
189 273 7
682 693 30
1168 1353 3
769 722 27
1634 1635 17
1170 1171 26
1069 1552 17
1567 1034 30
1731 1732 22
577 607 12
1561 1562 7
1850 1851 22
875 876 33
1343 1344 10
1559 1770 14
960 961 30
380 685 25
1463 1699 14
1937 1938 35
184 684 23
186 512 14
1562 1489 22
1169 1357 6
382 383 32
296 453 32
286 287 25
1246 1247 18
491 578 5
285 389 9
1856 1394 26
189 190 34
492 493 19
1171 1172 35
583 109 23
89 496 22
1071 1293 11
1241 1714 14
184 643 31
1174 929 25
1851 1852 2
298 299 16
297 388 15
281 755 23
1467 1247 7
497 8 18
686 404 1
578 579 23
1470 991 18
1342 1343 15
683 674 14
770 580 25
492 456 10
86 784 12
1562 1563 14
683 684 7
1765 1766 28
768 769 16
190 78 11
1766 1675 26
1860 1019 10
182 797 27
1466 1365 23
1635 1636 30
384 407 24
681 696 27
192 117 19
1560 1561 19
1341 1413 17
1244 1245 34
681 682 30
767 768 6
388 69 2
287 288 11
579 281 11
1765 1922 32
1172 1173 9
1167 1618 9
1733 1734 17
494 254 29
1169 1436 17
384 414 15
961 962 14
1464 1465 7
93 94 25
381 705 16
1173 1023 31
1166 1646 5
87 633 7
186 622 6
769 599 33
1164 1835 6
767 779 9
1341 1380 10
1767 1768 4
294 661 7
1244 1284 31
1632 1953 30
88 559 23
191 192 34
1740 1071 7
576 577 2
491 492 2
1076 1077 17
956 1445 24
1939 1641 35
300 146 19
92 93 19
578 419 16
876 877 8
774 68 22
871 1322 28
1734 1564 27
184 759 22
766 767 10
1341 1342 4
1463 1464 22
577 505 31
1072 1319 8
184 758 15
682 683 2
301 159 34
190 249 1
1936 1937 35
681 776 1
865 1873 11
1766 1767 32
301 150 2
684 495 12
91 191 13
386 173 9
285 521 33
682 677 15
1636 1637 34
191 150 8
1946 1064 14
962 963 11
1171 1267 30
1075 1076 32
491 421 10
1852 1853 5
1245 1246 32
190 191 33
298 376 23
1729 1985 21
382 545 21
1643 1028 24
185 635 18
1863 881 5
689 33 6
288 289 7
1741 928 20
1173 1112 8
1166 1738 35
1732 1733 11
384 385 6
684 469 5
299 300 6
1250 824 6
1637 1638 16
193 130 6
86 87 35
779 620 7
488 124 24
966 1198 34
1083 1084 26
786 6 18
484 485 22
84 251 29
777 778 8
1558 1072 34
1340 1341 24
1757 1758 5
872 873 30
274 556 28
277 288 31
784 166 9
386 387 4
1167 1172 21
1729 1143 22
970 829 27
0 1 17
289 261 10
484 513 26
1756 1830 1
1553 1554 10
1254 1255 14
580 581 7
1723 1724 29
277 278 11
489 70 32
1468 1469 32
1853 1854 6
968 969 27
388 171 26
1928 1929 30
1077 1573 32
278 279 4
289 290 17
482 586 35
1722 1723 19
189 429 14
1168 1169 14
484 420 27
188 523 33
581 582 1
1933 1597 5
680 681 15
483 484 10
188 496 32
1255 1256 2
871 893 25
969 970 32
192 145 11
1929 1930 31
279 185 33
193 65 30
487 135 35
192 193 19
388 121 16
1082 1083 35
385 386 10
482 617 30
292 69 16
1163 1645 14
1166 1378 16
1166 1379 22
85 86 30
776 777 22
82 330 9
1756 1757 9
687 86 5
585 184 19
189 453 3
382 645 30
383 797 2
970 971 30
1467 1468 17
189 623 18
1860 1336 3
485 267 31
580 484 13
1246 1874 26
678 679 4
1160 1949 28
1253 1254 18
195 87 12
1162 1769 32
279 252 32
386 528 22
190 518 17
1854 1855 1
1927 1928 15
487 60 31
483 416 30
1759 1714 5
579 549 25
484 331 27
1724 1725 31
1342 1033 4
1338 1425 10
1638 1639 31
1169 1170 31
386 498 11
874 875 32
1339 1340 17
1173 819 34
1339 1344 33
1084 1098 25
290 291 32
958 1989 18
1758 1759 22
194 195 5
481 639 10
288 461 2
874 851 34
579 519 13
280 118 20
1084 1085 34
387 388 2
1732 955 21
291 252 32
1552 1553 29
781 258 21
1254 1224 15
84 85 26
189 564 29
193 194 8
1341 1077 11
1338 1339 3
1855 1856 21
580 536 20
275 664 9
970 1024 35
288 505 16
775 776 33
76 777 28
686 23 13
1553 1445 4
1257 939 26
1639 1640 7
1758 1733 7
390 88 29
1169 1237 33
1075 1838 30
1466 1467 5
583 236 25
289 450 4
679 680 33
1074 1904 24
482 483 15
781 206 25
279 280 12
1470 1086 32
579 580 33
482 477 14
873 874 33
1258 825 21
1764 1174 27
280 281 35
195 196 24
774 792 25
385 722 5
1865 1014 33
587 222 9
588 134 21
581 757 30
1562 973 27
291 292 4
865 1240 21
1337 1338 13
583 584 33
1080 1081 2
391 207 19
967 848 18
1336 1456 25
867 1076 20
584 504 24
1760 1761 11
389 390 2
966 946 15
87 208 14
1465 1991 10
1643 1305 20
1858 1662 19
681 307 2
1727 1606 27
487 488 13
1251 1252 19
1770 845 7
1250 1364 29
774 775 23
588 111 29
277 533 14
1471 1472 34
962 1264 6
1556 1557 28
1334 1665 30
292 255 1
1931 1932 6
588 119 1
1856 1857 6
84 502 14
1863 1234 4
677 678 14
290 439 33
1932 1933 17
88 89 11
1165 1166 35
3 4 17
682 244 32
1944 854 31
1473 1239 21
676 783 22
1856 1894 24
961 1442 11
486 487 8
1334 1568 3
292 293 27
1249 1545 19
1476 988 16
1724 1795 9
191 514 25
278 486 5
82 587 11
1079 1080 3
1725 1726 13
85 327 8
1640 1641 6
191 528 10
277 586 30
1470 1471 10
1252 1253 27
773 804 34
1759 1760 9
966 967 28
392 20 2
194 271 16
1643 1389 32
388 389 32
869 870 31
582 719 22
194 423 27
1641 1642 7
1737 811 21
967 968 33
1554 1555 17
1250 1251 16
675 676 12
483 676 22
773 774 9
87 138 19
485 520 3
284 78 13
958 1783 1
679 344 21
1857 1858 30
389 510 18
1930 1931 25
1 2 27
1727 1728 3
778 328 2
1166 1167 23
1244 1746 34
87 88 19
1081 1082 12
294 191 34
682 96 28
778 288 8
1336 1337 7
871 872 15
1862 1431 24
774 631 29
198 92 26
1558 1231 19
281 282 20
484 620 30
1869 815 29
1161 1622 29
293 294 3
280 402 9
1764 1502 23
1935 1451 3
1761 1762 10
197 198 20
197 194 9
390 391 20
283 121 28
84 362 13
490 0 20
1330 1776 31
1726 1727 34
193 448 2
0 154 21
288 755 34
1335 1336 26
683 31 25
294 216 28
1469 1470 34
1072 1871 34
676 677 25
87 68 4
1768 1108 13
393 102 19
196 197 2
1940 1102 5
957 1931 13
865 1321 21
584 440 2
1642 1643 34
683 42 34
284 132 4
1550 1989 14
870 871 33
1728 1583 11
1555 1556 21
485 477 27
2 3 26
1725 1853 8
82 471 31
867 1161 20
1643 1508 20
1858 1859 17
1328 1992 7
772 773 12
282 283 7
485 486 16
490 41 29
1936 1423 20
387 600 29
959 1726 18
1336 1295 34
1167 1168 7
582 583 16
175 176 7
101 203 11
272 279 26
783 686 21
1643 1644 3
275 9 23
272 273 31
1946 1947 32
102 103 28
103 12 15
1950 1589 3
866 867 7
1551 1274 12
308 163 20
1649 1094 11
268 611 6
1548 1549 32
302 691 22
697 724 25
1457 885 13
1739 1740 25
103 52 12
564 565 30
172 403 16
267 750 24
103 45 19
6 7 24
389 569 23
1065 1066 33
306 307 6
388 657 31
790 83 14
1645 1483 22
391 392 34
941 1940 15
272 294 31
784 616 19
782 783 35
309 31 22
697 698 17
952 953 30
1451 1452 19
1162 1163 32
1457 923 13
301 727 30
1449 1634 29
951 952 7
563 543 26
1945 1946 6
1953 1240 21
1759 1033 26
1740 1741 11
394 151 33
395 59 5
1836 1837 35
1159 1412 28
97 601 14
1752 1665 23
1842 1302 14
1751 1752 4
1547 1548 19
1757 1256 17
783 784 30
704 37 3
396 24 32
1058 1769 29
177 20 1
1066 1067 28
266 774 29
103 104 4
789 232 30
698 555 15
787 411 21
1260 1261 27
563 564 11
479 392 9
270 402 14
1649 1066 28
2 286 32
1357 1358 9
478 479 21
1453 1088 35
563 486 9
1748 1108 35
94 699 10
100 166 29
1253 1791 1
699 451 12
1259 1260 23
308 309 28
101 73 24
5 6 35
953 954 14
1846 1139 4
1254 1696 10
392 393 7
561 649 15
1164 1165 2
696 697 19
562 563 10
170 736 32
272 391 2
1740 1792 30
1838 1839 28
700 319 4
176 177 1
566 256 29
101 102 33
271 524 8
1355 1356 15
176 182 8
568 52 16
867 868 15
1449 1450 4
701 224 7
1752 1753 14
476 477 5
1450 1423 33
396 116 2
177 178 23
1546 1547 31
475 667 23
1760 1086 21
1067 1068 3
857 1881 4
307 308 27
1356 1357 13
274 144 32
397 9 14
1757 1349 12
389 718 15
781 782 23
477 478 9
273 274 33
394 327 14
478 372 14
309 111 28
1450 1451 14
273 281 34
868 869 22
1163 1164 34
100 260 8
4 5 11
1837 1838 8
563 437 20
1953 1146 24
1644 1645 12
474 711 30
1741 1742 35
393 394 29
694 776 23
94 769 30
784 541 22
695 696 9
1944 1945 5
101 442 1
1742 1743 18
311 150 5
1753 1754 35
177 234 26
1453 1454 16
701 119 34
9 10 28
702 35 24
1850 905 14
1058 1415 32
276 153 23
1062 1063 23
483 281 27
949 950 3
1347 1969 11
99 638 34
785 250 33
482 374 5
1260 1046 6
397 99 28
570 256 11
1354 1355 14
1551 1552 25
1356 1181 33
859 1247 35
779 780 8
1646 1647 20
271 641 27
99 650 7
700 188 32
477 770 5
106 25 26
100 560 8
1359 859 17
102 379 3
275 276 22
0 784 25
395 286 24
1843 1498 12
1949 1950 6
105 106 19
1255 1514 32
276 183 23
394 395 29
1951 1786 15
309 310 34
863 864 23
276 209 23
701 115 5
277 121 25
397 133 27
698 381 12
697 459 31
175 395 18
1258 1259 8
178 126 18
274 275 15
1550 1551 12
305 621 22
1548 1730 11
1159 1160 26
1756 1561 25
1645 1646 17
1948 1949 23
176 385 23
276 111 17
566 542 34
1743 1744 9
864 865 24
1754 1755 16
1839 1840 18
694 695 3
307 450 18
178 179 31
780 781 1
478 745 26
1454 1455 26
1257 1258 27
311 54 35
564 736 29
1063 1064 5
8 9 28
478 736 3
787 147 3
852 1881 16
1064 983 23
106 107 24
1062 1162 29
3 472 15
1554 1180 2
1548 1713 8
864 831 1
566 567 21
481 482 3
179 180 24
276 280 20
1161 1162 6
1651 1298 18
1256 1257 16
181 9 20
395 396 19
565 566 8
564 658 22
484 66 27
1258 1090 32
1841 1842 27
1955 1265 18
785 130 28
1453 1360 10
1545 1907 30
1549 1550 32
1452 1453 14
698 234 33
397 240 34
1352 1353 28
484 19 21
273 597 4
1358 842 25
1250 1847 14
6 134 19
693 694 3
1850 1015 33
778 779 8
696 429 35
1546 1825 5
1755 1756 34
479 480 1
1958 1029 31
696 434 6
0 676 30
278 39 17
478 643 13
786 76 34
566 389 6
1848 1153 11
938 1969 21
104 105 34
1064 1065 18
276 223 35
483 204 24
1756 1680 1
7 8 18
1248 1900 15
1353 1354 35
480 481 10
400 18 33
569 138 3
310 311 13
180 181 7
312 89 18
948 1117 32
564 603 8
396 397 21
1161 1070 23
1160 1161 27
477 703 34
785 215 12
1647 1648 22
865 866 8
1552 1238 5
950 951 6
1454 1347 4
1744 1745 28
4 258 24
1840 1841 12
276 277 13
1947 1948 3
4 260 28
1745 1746 22
301 258 35
788 789 11
1649 1650 21
1542 1543 19
1071 1072 3
469 719 17
1743 879 3
860 861 13
8 333 8
1645 1997 5
856 1215 26
181 109 6
1347 1678 27
268 130 16
1842 1843 22
267 218 16
1350 1450 15
302 203 15
1456 1457 11
1354 1096 34
692 693 29
89 760 4
178 424 18
1546 1218 25
302 195 33
475 221 5
1157 1158 32
1546 1228 17
1071 1037 7
1752 1078 3
12 13 3
303 93 6
1260 1794 21
1351 1352 32
472 473 20
11 90 32
90 641 19
1546 1214 11
1266 1267 33
569 570 31
1457 1458 4
696 237 15
1734 1735 7
181 182 6
266 267 5
300 285 12
1732 1919 28
850 1819 13
11 12 13
1940 1941 5
1156 1157 24
1353 1197 1
957 958 10
261 695 29
265 334 5
6 437 10
1346 1829 12
8 322 7
1737 1500 26
1354 1156 22
1755 893 35
1648 1649 19
694 450 14
1650 1471 22
791 555 1
1656 936 34
1540 1698 11
302 128 1
177 562 26
97 98 19
698 87 24
861 862 19
397 398 16
300 301 28
1262 1557 14
691 692 35
182 103 19
1455 1456 13
468 686 1
1265 1276 24
468 681 32
1074 929 1
571 324 27
960 906 7
1263 1451 23
469 604 9
691 618 2
1158 1159 28
1265 1266 17
849 1960 7
1353 1017 2
266 434 17
693 420 25
1452 1710 6
568 569 11
959 969 19
1453 1615 1
789 544 12
398 399 35
1158 1149 20
398 400 1
96 21 18
790 464 35
92 380 25
1939 1940 20
690 691 30
1746 1774 28
268 269 14
7 334 18
182 183 27
398 387 20
270 63 4
471 448 32
1844 1845 3
1541 1542 8
1735 1748 14
959 960 35
954 1408 5
1072 1073 8
1751 1315 31
95 96 24
1746 1747 35
400 194 10
1735 1736 20
92 335 29
1850 1290 22
1650 1651 4
302 303 32
952 1568 2
1150 1891 24
300 490 26
786 787 21
96 97 13
1540 1541 14
1350 1351 32
1751 1409 17
1073 1074 1
567 616 25
399 400 13
1354 1000 19
182 224 14
862 863 16
1455 1503 14
787 788 34
1747 1748 9
301 302 7
263 648 34
1751 1394 11
1648 1789 13
94 267 12
471 472 20
947 1980 14
1654 1259 28
90 597 26
267 268 13
861 1003 28
1947 1154 23
177 704 20
10 11 19
1264 1265 21
399 368 24
958 959 35
1938 1939 29
402 80 23
1649 1681 23
695 210 11
265 440 2
90 591 33
1843 1844 19
1258 1780 19
302 252 6
8 173 1
567 568 26
1736 1737 16
264 749 17
1459 1460 18
181 359 20
183 184 17
575 333 14
791 242 32
1068 1069 31
270 205 31
472 696 19
857 858 22
696 20 33
265 655 5
401 288 9
13 159 28
1752 1379 26
856 971 13
1652 1653 17
955 956 24
269 313 25
1845 1846 26
1348 1349 11
1748 1749 5
785 786 6
1461 1303 24
10 441 8
182 302 25
269 270 10
572 573 32
1750 1512 5
1545 1546 15
1741 1321 17
266 543 8
787 566 26
266 532 14
1350 1185 31
1943 1944 35
99 100 1
1154 1155 32
178 655 18
15 16 7
475 476 35
689 690 10
787 576 33
854 1198 14
10 349 27
1544 1545 13
787 670 32
1845 1759 25
1651 1652 10
693 237 23
95 554 11
792 211 16
263 770 12
1745 1009 29
1152 1239 28
1153 1154 31
858 859 30
1854 977 6
1946 1653 11
857 951 2
788 585 2
1546 1385 33
572 550 17
1460 1461 1
1263 1264 28
1549 1124 13
688 689 6
1737 1738 8
303 287 3
573 417 30
9 467 5
689 622 21
1843 1981 10
178 720 18
184 185 31
14 15 5
185 93 25
954 955 22
100 101 19
397 673 25
303 304 1
1150 1457 35
1349 1350 25
571 605 26
400 401 34
99 2 3
784 738 18
95 357 33
473 474 12
1155 1156 17
98 99 18
1156 1068 26
13 14 18
475 308 30
946 1873 8
687 700 24
1660 1042 13
1262 1263 22
1748 821 26
302 547 31
571 572 19
1851 1447 25
1159 820 17
401 402 33
1942 1943 6
184 237 16
271 272 12
850 1646 24
1069 1070 31
953 1210 30
956 957 8
11 225 24
1749 1750 1
859 860 25
1653 1654 17
305 306 26
691 387 26
1738 1739 6
1070 997 22
273 8 14
270 271 33
1348 1267 13
185 186 13
1065 1528 34
471 720 32
949 1542 11
1070 1071 33
1458 1482 22
1347 1348 32
1257 1666 17
1458 1505 8
304 305 2
474 475 35
1064 1622 12
398 741 15
1750 1751 21
789 379 16
398 745 20
306 137 9
1458 1459 19
1261 1262 33
187 47 7
1749 810 35
1543 1544 17
401 424 19
1941 1942 35
784 785 34
94 506 20
1650 1849 30
570 571 30
687 688 1
785 702 2
406 4 12
1846 1847 8
1857 868 23
1433 1888 4
404 420 8
663 506 3
941 942 32
401 684 13
1438 1439 33
1955 1956 26
310 1067 29
400 769 9
602 8 6
1093 1821 26
1101 1102 35
848 1629 16
67 68 20
1365 1576 1
1434 1811 2
1265 1682 34
1101 1113 11
747 748 35
1198 1157 17
1785 1944 6
406 246 4
1097 1487 32
516 47 5
263 137 12
755 58 6
1439 1383 32
1534 1535 1
1367 1368 17
258 574 16
1197 1198 20
318 319 25
939 1145 7
511 512 10
1968 843 8
1707 1708 3
596 597 23
1270 1271 23
1711 1349 23
1787 1788 1
661 662 12
63 468 19
1274 926 9
1963 1300 13
1610 1611 17
1787 1679 20
1198 1199 4
596 614 12
1705 1839 4
406 168 1
856 857 33
1715 957 35
603 2 16
63 387 15
597 538 31
165 166 35
1956 1957 14
601 173 21
662 663 24
663 575 15
1786 1787 16
262 263 33
260 441 10
667 221 29
61 550 30
1541 974 32
942 943 32
510 511 18
661 729 2
1872 1873 5
942 965 17
319 320 25
404 405 26
1535 1536 10
1092 1892 32
1271 1272 11
1962 1465 27
1196 1197 11
664 543 34
602 143 4
1870 1871 27
1608 1609 3
1961 1546 1
1785 1786 26
257 513 31
667 272 10
511 654 34
1792 1169 18
317 318 7
159 629 20
514 397 30
1706 1707 29
163 276 19
1536 1537 31
66 307 5
260 261 32
1270 1368 27
597 598 17
1100 1101 34
403 404 18
63 581 24
666 328 28
509 791 4
940 941 2
855 856 11
161 412 7
512 538 17
1703 1916 10
1957 1958 12
516 187 28
260 282 18
518 8 2
69 70 18
1787 1658 13
1440 1441 11
164 165 19
162 343 11
852 1136 28
60 754 25
1361 1999 23
940 963 15
515 228 6
1444 969 5
402 403 33
318 295 34
1705 1706 15
933 1592 28
1368 1369 30
1197 1183 19
1871 1872 1
1370 1212 5
512 513 27
1439 1440 35
398 770 2
749 639 12
68 69 13
670 85 1
263 56 7
320 131 31
67 157 26
1099 1100 5
163 218 24
1702 1995 22
1372 1029 33
402 426 27
163 164 22
514 284 4
1609 1610 15
1091 1824 9
1272 1273 13
748 749 4
663 664 6
318 268 2
1102 871 6
61 717 21
598 599 35
510 655 26
1787 1600 27
318 277 3
406 95 31
261 262 22
517 45 16
266 106 27
1958 1959 22
1441 1442 35
598 638 24
748 408 24
408 333 13
1796 1213 8
70 71 7
406 508 26
933 1410 21
854 855 33
163 660 8
748 399 21
407 408 11
851 1118 17
752 39 15
163 653 32
663 246 24
1710 1711 32
514 515 13
409 229 32
603 178 27
744 745 16
1791 1645 6
1535 1747 9
264 265 10
661 415 18
659 592 7
1545 829 7
1537 1538 34
319 509 33
928 1894 29
513 587 25
267 52 9
321 322 34
1878 1537 15
1267 1268 10
318 584 35
658 659 11
1874 1875 27
1968 1092 18
516 299 5
168 169 19
165 437 28
66 374 4
1622 826 6
1359 1800 23
161 775 9
320 510 33
1799 891 6
1794 1335 4
1364 1365 7
262 520 2
939 940 30
1875 1876 20
265 246 4
1615 1428 31
322 323 26
599 600 11
1195 1213 1
1613 1614 35
1538 1539 23
320 494 11
324 140 23
659 660 26
853 854 11
1195 1196 25
605 117 12
267 113 24
1706 1995 23
513 514 8
1098 1099 25
1268 1269 27
1874 1954 4
1440 1490 31
1441 1400 31
405 554 2
1190 1628 24
1709 1710 35
1959 1960 24
1789 1790 27
265 266 34
320 321 15
748 532 3
1873 1874 33
1611 1612 20
1368 1194 19
660 661 3
71 116 1
1192 1306 5
1366 1367 1
747 606 23
659 727 4
845 1516 12
319 391 12
1788 1789 2
167 168 16
1193 1194 24
663 354 1
406 407 33
1541 1320 1
519 185 3
746 747 10
600 601 34
750 369 33
515 516 7
751 282 7
320 271 10
1189 1527 31
937 938 11
520 70 13
1188 1617 20
754 21 20
1265 1576 25
747 640 10
1097 1098 10
850 1041 13
263 264 9
1194 1195 23
69 229 2
1269 1270 26
405 406 7
162 565 11
852 853 4
1881 1227 4
845 1447 8
846 1358 4
744 804 13
1708 1709 33
1960 1961 20
1096 1097 32
322 171 1
1365 1366 24
1267 1480 5
320 347 23
1610 1802 29
166 167 6
69 257 9
402 704 34
848 1172 1
938 939 28
71 89 25
407 267 2
1090 1680 32
1442 1443 23
745 746 28
605 216 8
1717 872 18
1612 1613 5
1271 1115 25
71 72 5
164 339 12
851 890 28
1539 1540 35
1704 1445 29
312 350 12
57 483 11
1107 1108 27
1961 941 30
1790 992 29
410 417 35
505 506 20
757 388 26
57 474 25
947 948 4
256 264 17
754 680 9
1707 1196 4
171 172 31
753 754 12
256 257 33
1877 1878 24
408 615 15
308 715 4
60 225 16
660 255 25
1183 1959 28
410 400 15
758 273 4
1961 908 31
601 602 18
851 852 16
503 723 25
414 34 15
410 411 4
602 540 27
1526 1784 33
605 271 35
169 390 19
1620 1202 17
1792 808 14
167 560 32
655 711 11
1528 1612 1
1444 1445 23
1624 849 26
756 461 25
1781 1782 17
1192 1193 34
61 62 29
850 851 24
1529 1530 6
656 641 30
313 314 17
657 548 14
1531 1362 16
948 949 12
1879 1756 27
755 525 34
656 664 10
1885 1224 24
1277 1224 26
656 657 34
55 604 34
1950 1951 20
169 309 17
1443 1444 20
1445 1262 10
1276 1277 20
1106 1107 5
409 410 28
311 555 3
413 85 17
659 428 7
1878 1879 32
1616 1617 35
411 262 8
1708 1076 26
1361 1362 26
602 603 22
1887 1083 34
1367 828 3
1274 1460 31
752 753 16
1778 1985 12
1701 1702 25
1708 968 35
1277 1278 9
55 786 20
1525 1951 16
1280 1003 9
1614 1615 11
1357 1868 6
311 312 24
61 266 22
1183 1823 30
1780 1781 35
1530 1531 13
312 230 32
255 212 24
1704 1343 24
603 604 20
1700 1701 12
412 133 32
1190 1191 1
944 1110 9
1533 1259 30
659 462 2
1185 1663 22
254 255 33
1618 1227 11
311 342 24
754 755 21
1363 1364 9
1185 1656 10
1876 1877 30
56 682 34
657 658 24
313 170 13
1951 1952 14
1366 1122 8
505 687 25
507 508 35
1096 1939 12
1778 1917 33
63 64 18
170 171 24
1614 1603 21
1185 1671 35
310 452 1
308 628 5
408 409 15
1362 1363 1
506 481 2
1885 1091 14
610 37 7
1699 1700 17
1884 1169 11
1779 1780 11
761 99 6
1615 1616 19
1878 1725 33
1103 1296 24
169 157 14
1445 1446 24
257 104 5
410 244 24
404 784 9
1105 1106 27
1952 1953 33
506 507 26
507 418 32
62 63 18
1191 1192 28
312 313 29
169 170 25
169 177 19
607 263 25
1282 867 19
661 363 31
1696 1998 14
946 947 34
665 5 9
314 137 1
311 417 28
849 850 20
1958 1393 15
1446 1322 35
1531 1532 3
166 462 23
609 109 11
255 256 8
758 352 16
54 801 3
846 1128 5
659 73 1
848 849 22
1784 1785 1
1713 900 31
413 414 11
752 581 1
1704 1705 15
508 509 25
750 751 31
752 573 18
756 217 14
756 219 22
254 672 15
1447 1448 4
316 244 35
319 30 7
1104 1105 21
1185 1549 19
1189 1190 20
944 945 28
1359 1360 24
1704 1761 27
1880 1881 13
938 1465 23
604 605 28
652 706 35
1618 1619 10
652 704 33
506 707 23
174 175 33
658 231 7
1185 1570 18
1713 863 12
64 65 10
172 278 5
945 946 11
1956 1734 1
316 317 17
1618 1712 30
1619 1620 20
173 174 20
653 654 11
752 518 5
605 606 19
1450 1105 32
260 201 9
1532 1533 12
1953 1954 5
753 417 3
1448 1272 32
1446 1447 11
653 696 30
937 1628 17
1706 1515 12
59 465 8
412 413 35
506 655 8
1962 1142 25
1358 1359 28
604 663 16
1273 1274 8
749 750 15
940 1350 32
1783 1784 8
259 260 23
1450 1084 4
168 569 21
934 1733 23
173 122 13
1273 1397 27
1540 895 5
1103 1104 26
412 390 1
1789 1233 32
607 505 10
256 380 25
314 315 19
1102 1181 10
1617 1618 35
943 944 21
509 565 12
1360 1361 26
840 1411 8
607 484 1
1180 1817 15
1954 1955 34
931 1988 6
1102 1179 4
66 72 2
66 67 11
1187 1188 22
174 23 34
1781 1920 34
757 268 4
612 51 34
510 494 7
1274 1275 7
257 258 24
1790 1105 6
1357 1654 11
509 595 26
847 848 22
1963 1131 10
1617 1593 9
1533 1534 7
654 655 10
755 403 33
252 688 21
1703 1704 25
604 724 5
515 39 32
311 598 31
1448 1449 5
1188 1189 17
411 412 16
255 532 4
658 345 18
408 678 22
1537 1228 2
933 1887 5
1361 1213 16
605 742 12
1782 1783 23
1275 1276 24
751 752 20
506 767 11
414 153 3
941 1189 17
1702 1703 30
1180 1887 28
172 156 32
1361 1204 11
1101 1203 34
609 375 2
845 903 22
170 311 25
1890 903 20
1879 1880 23
1270 1712 12
258 259 20
1359 1369 26
167 587 22
1102 1103 23
611 201 13
315 316 3
254 589 9
65 66 6
252 772 5
755 367 16
1184 1569 12
655 656 12
654 741 26
940 1240 32
609 344 11
1887 1198 3
314 386 32
846 847 28
606 607 4
65 56 25
169 434 35
1623 1104 29
315 311 16
509 510 24
172 173 1
1426 1427 4
148 638 15
1378 1379 12
499 500 26
587 380 4
587 386 9
764 185 31
1082 1701 12
73 512 31
247 576 11
1524 1525 27
151 382 5
1861 1862 33
591 41 5
1718 1719 35
1089 1090 12
679 184 16
415 416 13
1282 1283 18
585 586 5
153 154 11
326 698 11
1085 1477 21
78 79 33
147 699 22
758 759 15
1775 1776 7
251 252 24
673 674 31
1622 1623 6
1180 1766 11
502 226 16
584 585 1
498 651 3
1186 1187 30
75 380 4
766 74 35
1523 1524 13
1084 1607 35
1621 1622 8
500 501 33
250 251 3
587 340 15
1281 1282 7
330 331 7
77 233 21
1090 1091 14
586 434 14
767 6 9
1776 1736 33
1092 911 4
498 619 23
72 684 22
1427 1428 3
930 931 4
247 537 6
845 846 18
1865 1410 34
416 417 7
249 364 35
1967 1968 20
249 367 4
413 679 22
1860 1861 10
1188 991 27
680 1 8
504 111 11
497 734 15
1523 1508 33
154 155 33
331 214 22
79 80 14
148 692 16
586 603 26
834 1666 20
499 632 33
1283 1284 17
759 760 23
763 392 34
152 153 25
410 707 27
329 330 33
71 801 12
765 218 9
416 178 34
920 1719 18
1378 1511 3
1773 1774 33
249 250 24
245 606 25
1532 924 6
590 263 10
500 566 19
251 98 9
929 930 17
1185 1226 33
416 190 20
682 36 13
1859 1860 2
1434 866 13
1721 1276 5
1379 1380 26
497 785 18
1091 810 33
150 294 10
766 183 3
1185 1186 18
332 58 6
1088 1089 28
1969 1970 20
418 54 22
1525 1526 15
843 844 5
1428 1429 33
1773 1833 21
1184 1231 20
844 845 11
675 585 22
674 675 30
414 422 9
760 727 10
1428 1446 18
414 415 30
832 1899 19
73 686 20
410 800 23
73 708 30
413 530 34
1776 1580 12
1968 1969 32
1527 1320 5
77 349 11
1723 1218 21
80 81 17
502 437 13
498 793 2
328 338 30
74 635 18
1774 1775 25
674 646 15
841 1078 8
76 459 30
80 105 14
1186 1018 23
760 761 12
1977 1186 1
328 329 32
585 657 34
1087 1228 17
1183 1304 18
928 999 24
501 502 15
1428 1479 3
1523 1635 18
586 587 21
768 67 19
505 143 33
1380 1381 14
766 243 13
673 744 32
1620 1621 18
1717 1718 4
154 21 11
147 646 27
1621 1528 14
1434 955 8
79 202 26
1429 1430 26
335 196 23
502 503 20
1983 835 2
255 116 22
1279 1280 10
842 843 10
77 420 34
1184 1185 11
1188 817 5
1431 1236 15
1981 991 3
1970 1971 8
80 125 35
1086 1087 5
760 286 32
923 1330 14
1282 986 7
673 448 4
507 54 5
156 165 12
1375 1376 28
1866 1643 4
81 82 26
928 929 29
1864 1817 13
587 689 30
929 844 6
1078 1850 4
1780 1577 25
1525 1641 6
670 671 14
929 822 29
1525 1645 1
755 756 31
1179 1589 22
81 66 11
1874 914 1
418 419 8
156 157 6
1868 1446 1
333 334 34
757 584 35
590 405 10
588 589 11
1981 1015 15
251 497 10
759 410 21
925 1189 16
587 588 11
677 37 31
79 294 14
1087 1088 20
1376 1377 27
927 928 15
672 488 15
500 751 22
76 571 18
423 20 25
1526 1527 4
255 67 3
1781 1525 1
333 298 21
1778 1779 9
156 241 34
1624 1602 15
1863 1864 8
1182 1286 9
157 158 14
330 573 4
842 895 4
670 649 11
1278 1279 16
1183 1184 7
1435 999 12
1530 1152 35
76 591 21
587 619 28
756 757 21
502 546 28
1864 1747 29
1430 1431 26
757 665 9
499 785 35
1624 1625 9
150 751 3
253 254 28
1788 912 35
1434 1061 9
1375 1413 32
1721 1722 1
1083 1243 13
1776 1777 2
82 104 15
759 516 1
1872 1005 5
503 554 35
155 156 25
507 184 14
1434 1113 29
1281 1228 26
1631 927 8
672 673 13
1780 1424 21
589 590 18
595 56 33
81 175 9
252 253 18
1528 1529 16
82 83 31
332 333 33
926 927 29
675 387 22
155 143 26
1623 1624 26
420 77 18
418 307 16
419 217 27
928 806 30
1862 1863 7
832 1575 28
333 229 23
250 476 7
1972 1973 31
148 748 8
828 1925 1
764 87 4
417 381 4
1377 1299 3
1182 1183 33
587 801 8
503 504 34
1085 1086 27
915 1940 23
504 410 13
1719 1720 24
840 841 2
1431 1401 26
157 48 10
833 1580 29
332 281 29
757 758 1
1436 1003 7
417 418 23
77 604 14
1720 1721 2
1427 1783 24
334 85 28
1431 1432 15
421 50 30
504 505 15
154 294 15
841 842 14
758 706 22
671 672 21
1777 1778 3
1280 1281 13
1377 1378 4
331 332 32
328 592 10
414 713 5
1778 1680 14
1971 1972 27
1527 1528 17
836 1256 12
83 84 27
1372 1373 6
1095 1096 29
494 404 32
1711 1795 29
766 544 6
668 593 31
69 373 9
931 1409 28
1769 1770 19
771 111 26
1432 1433 15
673 157 30
493 494 16
72 115 32
66 650 32
1962 1963 3
322 560 31
672 253 20
591 592 6
766 569 33
1712 1713 14
1630 1427 3
421 422 15
159 160 3
243 460 1
321 650 14
672 259 30
673 182 15
936 937 24
65 691 22
324 396 4
1181 1182 4
496 254 27
72 73 34
246 138 13
839 840 32
1177 1534 32
926 1833 15
72 76 17
1518 1519 33
1965 1663 18
71 177 12
497 190 6
245 246 24
325 326 16
1517 1518 21
590 591 35
496 285 20
1180 1181 34
73 74 13
492 646 16
1287 1288 34
491 736 21
1366 1959 35
1961 1962 3
1512 1959 14
1777 1146 14
1770 1771 23
1966 1540 33
1627 1628 11
426 45 18
324 325 19
666 734 5
1373 1374 17
494 495 26
1630 1323 30
497 233 18
591 473 32
1281 1792 5
71 233 8
1183 935 25
422 356 27
764 765 9
160 162 29
160 161 3
72 152 4
667 668 18
1866 1867 27
765 683 4
1868 1689 5
499 68 11
768 417 29
924 1960 29
673 140 15
160 168 2
1713 1714 17
1523 1025 32
1427 1926 6
838 1012 16
156 279 32
596 261 12
935 936 31
1289 1290 9
765 766 6
924 1912 12
323 324 33
676 9 25
416 717 21
1088 1587 27
153 562 1
593 542 7
322 439 6
74 75 7
676 33 16
244 245 22
1181 1042 7
1291 1141 6
770 331 8
326 71 28
70 384 22
157 224 3
1865 1866 11
669 670 35
1433 1434 13
1628 1438 34
594 397 24
419 420 6
1432 1534 23
327 27 19
495 496 30
594 421 5
1966 1693 28
826 1882 14
1963 1964 24
592 593 24
496 401 11
1711 1712 11
1626 1627 6
494 576 33
590 768 10
499 129 35
1374 1375 28
1086 1824 15
1519 1461 11
1864 1865 17
668 669 6
1523 1109 17
417 704 10
243 244 14
68 652 26
421 337 12
1435 1365 27
158 159 10
1969 1399 31
770 402 1
672 329 25
838 839 32
497 338 19
835 1107 13
1721 852 22
928 1500 14
1964 1850 10
1432 1649 1
1768 1769 19
590 693 10
1170 1964 3
1625 1626 1
768 535 35
1288 1289 35
669 613 35
1872 1194 19
1370 1773 16
1521 1333 2
1094 1095 23
499 200 22
1170 1980 30
1179 1180 25
420 421 23
1865 1821 11
1431 1697 16
1434 1435 3
934 935 16
1172 1810 21
1770 1609 7
1519 1520 34
496 497 5
1170 1894 32
1285 1286 13
1178 1179 11
1720 1259 3
249 181 22
1435 1436 16
244 624 13
836 837 19
242 801 13
70 563 31
1869 1870 34
1772 1773 6
248 249 16
69 628 29
1438 1157 10
1176 1336 34
243 696 18
1632 1487 9
1369 1370 11
1092 1093 8
75 76 11
155 801 7
1521 1522 12
68 707 20
423 469 6
493 801 6
501 66 11
163 71 7
1715 1716 5
75 65 18
162 163 8
760 799 20
498 343 23
1517 1863 6
1630 1631 14
71 427 9
1093 1094 24
497 469 24
426 291 5
1370 1371 25
593 594 3
933 934 10
1520 1521 23
72 446 18
1964 1965 20
1967 1697 13
1177 1178 23
70 612 13
1083 1960 11
76 77 3
326 381 13
244 543 6
592 679 15
497 498 22
160 416 23
596 295 4
500 232 25
328 243 11
1284 1285 34
1371 1318 11
671 59 35
1716 1717 15
1281 1541 10
499 330 10
837 838 12
326 433 3
1632 1395 3
767 229 25
761 762 29
664 665 33
76 31 30
424 425 4
322 767 9
925 1595 1
247 248 15
327 328 12
769 64 5
1372 1254 24
764 616 14
1092 983 4
421 550 3
666 667 25
500 270 3
767 346 10
1440 1127 24
326 327 28
161 103 9
1966 1967 26
425 185 29
157 448 34
1712 1824 19
766 418 21
595 596 8
1522 1523 2
1629 1630 32
242 653 8
932 933 1
426 77 18
1520 1743 5
1371 1372 5
1779 996 24
1286 1287 5
762 763 12
1091 1040 34
1637 906 33
159 311 16
1519 1842 12
422 423 35
1967 1875 2
501 202 29
927 1362 7
497 561 15
1722 967 3
74 286 16
594 659 20
1975 1139 18
669 413 31
1436 1437 11
502 108 31
770 27 32
595 561 4
1517 1999 16
1868 1869 8
763 649 15
672 140 27
1867 1868 14
1083 1850 11
1376 960 8
155 704 27
326 262 28
246 247 34
763 764 26
161 162 19
498 499 9
496 677 11
1282 1594 15
930 1060 31
670 232 23
595 542 22
1175 1232 26
423 424 25
665 666 19
155 687 22
1714 1715 16
1631 1390 24
1437 1438 25
668 401 11
324 430 14
240 766 4
835 836 12
1436 1532 1
1771 1772 3
499 460 33
1435 1596 1
1278 1939 34
420 678 3
157 556 13
160 285 1
246 209 23
594 595 21
1873 1352 12
77 78 19
1176 1177 7
1968 1693 35
1091 1092 31
427 25 29
71 608 31
159 363 23
1965 1966 14
1628 1629 32
931 932 25
