2232 550 293 1
294 331 667
341 451 376
91 127 797
187 190 245
187 188 653
490 491 89
92 44 424
283 234 668
49 50 639
144 145 61
92 22 159
141 411 529
380 381 385
341 475 901
538 539 220
90 207 300
187 182 594
490 476 431
142 333 23
429 362 34
143 246 813
540 374 377
283 284 395
143 249 640
294 295 436
47 187 150
92 74 576
343 314 365
286 26 288
47 195 356
429 368 153
343 320 762
183 497 74
89 318 253
429 375 900
46 291 449
240 241 873
539 480 245
428 418 881
537 538 335
186 211 155
427 510 70
47 149 637
380 323 860
186 223 89
490 428 121
91 70 663
187 132 937
428 429 118
343 344 189
489 518 161
489 490 677
241 242 37
143 164 517
429 353 865
295 296 25
91 92 187
47 123 782
46 206 314
491 300 196
240 285 1000
284 258 142
378 536 491
47 128 817
491 309 662
491 308 705
186 187 289
47 127 173
89 254 473
187 76 85
48 49 706
490 371 662
344 299 389
47 146 273
539 422 344
243 42 922
491 295 681
90 91 560
244 34 783
294 466 830
47 96 732
430 437 348
241 292 962
344 313 66
538 389 531
430 431 720
537 504 520
284 285 417
241 320 234
431 364 257
431 363 48
244 45 830
282 456 64
488 517 555
286 97 969
189 123 870
382 378 735
244 2 158
143 382 376
187 280 144
344 345 488
488 499 188
144 287 228
381 452 341
381 453 934
294 414 912
188 189 930
430 423 367
539 355 227
88 276 119
43 424 546
488 489 537
91 12 89
537 421 193
536 507 319
294 530 520
489 385 171
345 308 934
47 48 383
537 434 101
537 440 794
344 400 935
146 31 550
87 274 707
146 25 821
89 90 904
189 51 621
429 430 709
380 487 303
242 243 299
538 368 522
536 533 459
430 338 769
536 537 602
381 382 57
144 249 569
487 518 244
285 286 684
537 470 153
288 21 245
345 344 361
430 363 851
145 146 481
296 297 531
189 246 465
382 449 887
94 95 343
91 363 213
188 337 364
297 298 871
43 333 675
44 244 140
44 245 706
43 335 227
44 247 592
91 372 333
296 395 276
426 427 784
93 201 564
46 47 389
90 467 204
191 91 474
383 384 911
141 142 359
239 92 437
535 536 925
236 362 777
537 357 237
191 38 693
288 77 74
190 126 564
494 333 552
92 308 376
340 341 182
189 224 568
427 308 73
340 339 160
287 179 452
340 337 992
340 336 494
493 431 773
44 191 249
492 528 410
238 151 586
237 238 521
384 324 483
382 383 161
288 113 517
493 394 788
286 287 964
140 187 680
381 478 84
45 101 736
189 190 372
94 38 96
492 493 174
425 426 244
140 166 495
238 239 519
493 413 902
240 62 61
339 441 722
298 299 255
296 477 433
426 324 856
94 65 801
43 237 670
491 537 134
341 306 694
43 223 100
190 81 498
297 346 46
340 380 648
288 168 743
45 46 432
140 378 390
341 342 700
239 240 471
298 347 225
288 177 265
238 324 355
287 288 668
384 418 517
428 358 79
341 324 781
90 342 548
385 325 616
93 94 341
192 84 658
296 494 415
384 438 391
143 144 366
427 428 233
536 359 867
296 485 882
534 535 604
191 171 599
385 339 235
288 233 139
191 192 414
190 271 80
491 492 139
237 365 324
427 411 931
240 96 622
94 18 153
426 497 31
491 489 776
533 534 800
191 146 576
492 362 443
92 93 626
492 363 57
491 454 655
189 314 67
190 222 402
239 289 6
382 533 938
44 45 285
142 118 603
238 373 21
342 296 503
190 238 448
384 352 656
533 515 944
291 12 92
297 473 159
342 343 89
192 17 865
342 344 56
190 191 612
239 262 747
426 455 960
491 415 214
342 348 938
491 414 203
192 12 266
142 154 840
385 299 448
288 289 467
534 459 444
384 385 584
142 143 140
299 300 58
384 383 159
150 138 470
336 415 687
535 305 542
86 87 697
189 489 538
434 435 370
86 100 395
484 485 702
485 396 564
43 44 692
337 338 793
234 261 87
290 124 723
234 258 566
231 524 579
149 241 665
150 151 505
534 414 368
278 212 237
386 387 451
235 177 605
434 455 239
0 1 575
85 147 863
485 414 586
286 531 663
280 6 283
189 518 699
532 540 942
150 102 35
85 156 188
534 367 627
147 381 398
278 191 398
277 278 680
151 20 642
236 103 380
151 34 618
484 488 479
233 380 295
384 532 82
533 477 498
236 119 714
235 208 339
86 22 588
386 333 34
83 288 527
278 279 677
289 290 62
83 293 873
233 399 316
232 490 152
279 195 773
290 214 612
234 314 587
148 257 863
86 34 279
483 484 960
287 457 175
337 406 336
434 378 854
235 236 708
434 380 903
279 183 254
532 533 295
338 324 189
192 193 259
385 386 965
384 475 884
85 86 857
40 273 121
335 543 670
279 169 762
43 8 706
483 517 836
83 245 25
483 513 836
149 150 158
278 237 164
336 471 136
485 347 613
148 246 510
237 100 146
40 287 719
484 354 974
147 539 102
292 102 100
195 91 22
531 532 326
41 77 662
193 250 314
194 158 813
338 379 421
279 243 500
277 413 559
85 28 617
338 339 970
236 237 870
483 475 48
337 428 77
151 152 32
233 501 887
194 211 23
280 139 178
483 467 776
290 291 303
436 433 870
386 484 506
84 100 290
436 437 847
194 195 791
150 255 480
42 43 319
387 396 193
531 525 489
388 308 658
336 526 695
40 214 29
291 199 406
387 388 572
238 61 595
281 146 590
388 294 515
84 85 609
233 536 922
339 340 642
193 194 387
39 191 269
337 514 109
281 133 406
236 283 475
236 285 389
435 420 790
387 355 426
385 527 36
530 531 986
483 411 179
532 354 129
385 523 946
192 318 400
41 42 364
385 519 795
435 436 635
82 218 690
337 511 867
482 483 392
279 280 350
293 86 80
290 352 677
387 322 242
194 288 884
280 281 791
388 457 534
2 29 859
195 196 91
291 292 115
389 370 496
233 100 704
147 170 746
231 276 126
334 335 706
40 41 166
231 259 76
147 148 55
89 79 414
332 515 979
333 426 532
146 234 318
0 219 157
38 228 740
530 500 776
389 390 431
432 355 957
390 302 259
281 159 598
36 441 361
193 414 705
487 488 190
433 319 327
532 307 816
148 36 951
193 432 880
231 298 953
387 543 393
281 251 400
487 384 237
88 89 688
432 301 520
529 530 245
3 4 948
86 266 868
83 536 875
335 336 6
488 301 350
283 84 116
36 330 929
293 197 628
232 233 32
143 442 546
486 487 450
195 151 654
292 293 621
387 511 954
283 101 747
235 15 198
293 208 307
431 432 63
430 523 326
235 22 913
84 425 402
2 141 779
147 54 420
146 144 424
232 267 550
388 389 184
146 147 707
3 59 423
234 95 954
148 213 307
336 310 53
485 509 516
233 224 60
196 233 631
235 43 446
233 221 471
389 520 814
36 271 294
529 462 941
36 267 572
1 2 909
38 146 776
87 88 679
37 234 922
335 365 630
293 281 660
293 282 558
390 385 393
293 284 379
433 434 72
485 526 249
281 282 941
528 529 244
39 40 510
293 294 316
197 198 702
199 20 804
197 201 702
334 430 149
390 391 628
333 520 508
233 234 764
530 334 974
284 121 440
433 352 562
148 149 237
234 208 368
529 412 500
285 34 892
336 371 176
149 59 613
432 433 937
38 39 764
528 495 818
283 225 954
433 334 519
195 287 273
196 197 304
235 100 76
234 177 386
234 235 360
87 23 807
388 501 47
2 3 645
196 213 248
334 514 392
336 337 292
334 506 918
282 283 606
485 486 44
390 335 185
433 361 457
235 125 597
86 122 974
197 133 901
33 505 397
432 445 176
175 176 41
526 502 251
272 273 675
390 455 465
479 379 998
102 103 186
305 429 27
132 133 326
3 301 937
232 30 26
477 536 808
3 292 888
439 483 220
6 21 926
439 480 757
5 108 429
439 440 302
4 191 710
55 439 406
306 328 316
171 494 319
526 527 616
132 142 436
103 50 331
273 210 9
306 319 875
6 7 200
103 46 357
274 117 197
306 307 644
391 392 3
354 437 126
353 515 805
272 290 478
274 107 921
58 267 540
391 440 871
132 182 982
392 347 506
440 441 163
478 531 638
273 120 187
274 31 660
3 245 764
354 313 139
390 518 394
273 107 767
229 230 30
440 463 693
353 427 142
479 426 503
229 222 810
60 101 583
527 486 726
304 445 751
273 102 153
440 415 288
441 327 570
478 508 946
131 301 964
354 355 528
60 61 393
479 409 430
392 375 598
134 22 861
354 346 452
527 528 69
133 134 393
132 225 901
103 104 416
527 524 947
104 18 866
352 540 302
272 223 597
478 479 529
228 286 963
439 511 307
441 332 84
441 413 785
0 449 267
100 151 236
99 254 394
132 246 835
99 255 460
96 519 641
231 232 721
308 310 827
308 309 312
5 6 260
100 139 50
356 344 594
392 393 15
101 47 971
58 82 135
356 347 653
177 99 443
130 439 497
476 506 958
174 377 154
356 357 917
440 530 75
98 322 624
176 177 62
55 302 526
525 496 468
101 102 522
525 505 688
232 117 548
391 516 167
477 387 357
173 431 348
476 477 335
58 59 612
1 292 815
355 356 133
177 178 795
525 526 71
3 125 609
134 135 180
99 291 358
232 85 129
307 308 549
231 173 157
391 542 889
59 60 258
270 503 408
527 365 343
477 478 102
232 36 248
273 274 438
274 185 383
274 188 522
392 500 495
442 354 751
441 442 18
527 375 493
3 88 612
56 283 93
393 424 503
442 367 549
307 296 514
4 5 483
230 229 522
230 231 858
393 394 281
231 144 810
131 439 22
355 413 31
478 364 33
231 151 753
177 141 973
176 232 564
1 257 903
228 132 90
436 496 512
179 62 943
309 328 579
272 518 42
350 508 660
6 288 618
308 421 33
481 434 66
436 488 996
523 524 216
9 10 591
129 130 814
309 343 773
275 260 244
4 477 627
178 160 352
128 203 418
130 26 277
276 168 927
229 13 595
436 464 623
179 28 199
394 384 741
274 370 495
174 470 968
103 293 932
275 276 35
129 165 847
307 471 8
352 353 8
105 106 970
394 395 109
351 430 168
228 86 103
309 310 415
55 185 131
106 46 517
175 401 546
436 451 76
351 422 304
175 395 148
351 425 184
106 57 352
351 352 26
274 275 115
227 156 602
526 327 693
308 353 885
8 39 284
226 227 51
526 315 15
54 370 120
8 57 768
178 179 455
177 266 521
7 107 251
177 271 629
437 438 322
223 480 444
482 386 625
176 349 965
225 292 973
8 9 517
393 524 124
55 257 316
130 131 706
524 525 89
106 107 412
481 489 478
225 277 262
57 58 85
524 513 354
481 482 182
353 354 323
179 180 689
438 439 348
179 182 593
177 366 440
101 314 440
104 47 96
276 287 258
130 157 117
104 57 974
395 396 668
438 432 192
523 388 251
308 507 969
308 508 475
228 229 546
522 523 439
524 345 975
437 502 159
129 280 221
524 319 161
104 98 888
480 390 378
55 56 67
104 96 454
278 160 165
277 249 501
178 259 187
479 480 561
396 347 581
352 385 724
481 376 254
395 440 590
176 513 711
104 106 25
104 105 961
178 340 73
176 519 984
7 8 280
480 481 812
131 132 694
179 260 350
56 57 625
310 311 639
129 314 988
180 181 80
7 27 856
105 45 608
397 300 933
55 128 230
396 397 736
6 63 575
277 167 175
130 274 948
131 185 266
439 390 112
277 171 778
130 250 391
180 135 234
307 546 37
227 228 578
308 470 428
395 503 668
229 54 650
308 467 217
481 367 925
395 500 180
275 367 196
352 406 214
276 277 528
52 192 330
267 240 516
349 350 772
9 264 24
95 245 332
182 23 42
52 190 314
300 337 107
298 510 85
54 31 129
523 310 715
138 139 945
268 127 515
180 185 626
269 42 243
54 26 979
473 409 36
444 539 398
136 273 225
445 446 234
473 402 353
136 261 203
520 521 946
180 236 57
444 528 325
298 542 675
12 13 757
136 290 712
472 473 442
54 55 580
222 398 206
444 548 180
224 225 994
521 445 847
221 491 578
181 182 568
266 267 30
446 381 492
521 522 979
11 12 451
10 99 320
522 439 28
223 224 244
446 408 473
222 315 289
297 532 499
9 178 391
297 536 425
7 352 530
5 530 407
397 425 919
8 266 657
54 86 921
447 312 659
220 481 621
179 338 687
299 403 502
348 349 215
267 147 705
9 225 690
472 549 889
522 402 454
97 98 465
397 398 117
300 301 730
397 404 306
299 389 686
134 526 275
96 175 735
472 532 621
298 465 766
53 209 986
140 63 707
471 414 744
446 447 112
519 520 952
225 224 340
225 226 684
138 257 473
472 312 670
349 492 131
181 227 141
398 399 108
8 205 138
94 199 72
350 412 450
179 413 544
268 269 38
96 25 920
182 183 732
270 63 174
268 240 805
135 476 706
350 351 67
269 155 956
519 476 70
472 370 18
95 96 479
182 165 401
302 303 949
139 140 101
300 493 784
95 77 5
95 76 502
138 239 707
519 503 946
522 305 307
96 97 963
520 489 7
350 324 668
4 517 678
140 141 986
141 52 182
446 522 633
399 400 904
268 218 475
265 465 608
91 523 699
448 353 850
301 302 839
399 383 230
447 448 598
471 472 896
53 54 326
521 425 852
300 397 536
348 525 333
91 530 525
267 268 928
471 515 232
267 265 823
448 372 994
10 11 750
270 7 48
471 523 372
8 164 271
140 111 903
397 522 804
398 433 109
471 503 150
8 177 678
183 153 740
522 303 31
299 516 642
13 144 286
13 148 197
442 443 660
443 354 393
183 184 51
400 353 895
441 525 478
221 204 318
14 52 154
345 460 627
442 427 916
135 136 299
520 300 526
400 367 554
270 227 109
269 270 960
99 105 659
476 376 702
346 347 855
100 9 653
99 100 664
474 547 937
221 222 430
272 19 815
12 279 497
442 462 304
15 16 394
50 149 326
134 194 251
475 476 369
98 201 587
184 135 528
51 52 805
270 194 321
301 537 774
221 147 873
13 80 429
184 155 511
136 123 759
346 317 494
346 312 51
51 96 477
270 141 705
220 221 557
443 402 232
13 100 365
182 353 520
185 84 819
100 130 633
11 269 772
185 77 675
101 30 243
302 374 734
52 53 350
444 361 539
518 519 719
98 255 817
184 185 934
443 444 644
477 347 164
14 15 840
271 23 804
220 257 18
518 510 938
401 314 675
100 101 638
222 76 435
301 481 600
303 304 492
96 454 915
519 427 437
345 346 613
136 67 159
400 401 312
518 361 205
444 385 728
272 159 146
473 474 306
445 295 665
98 99 264
13 14 411
138 15 82
96 281 482
400 483 372
49 68 518
222 223 239
47 244 601
10 290 729
44 517 300
401 402 39
45 432 785
13 36 960
97 206 777
271 272 963
49 79 460
517 420 121
400 450 804
12 132 791
184 251 996
181 520 925
516 517 359
303 478 473
132 492 333
305 306 411
136 137 4
186 87 137
13 63 949
11 242 911
49 111 412
183 363 782
9 424 534
519 334 99
270 271 907
347 348 577
185 186 106
98 153 858
95 433 355
517 518 209
182 463 495
184 285 633
402 375 41
271 188 730
273 11 451
304 305 392
273 20 384
137 138 683
270 285 633
443 524 968
474 475 474
519 324 691
50 51 285
444 445 449
223 77 116
97 266 100
518 418 950
270 238 221
48 279 793
401 429 163
270 246 212
304 328 96
267 521 891
270 255 598
99 60 473
402 355 603
346 399 727
123 96 479
453 454 257
262 193 902
366 421 602
122 190 921
165 209 243
262 182 729
365 507 676
219 220 905
67 68 905
262 186 389
221 30 78
122 162 772
19 529 724
163 405 313
123 77 701
367 368 294
165 184 435
317 415 70
67 110 203
23 157 669
121 300 832
122 212 164
123 124 826
318 319 149
511 512 595
261 326 964
404 469 552
454 323 236
513 330 75
24 52 527
318 336 933
63 369 985
122 123 674
319 338 9
318 428 993
219 280 295
120 287 166
453 374 119
165 166 102
24 25 549
121 192 676
219 269 292
262 263 578
164 248 552
119 364 195
65 195 139
367 376 367
317 522 548
221 78 85
452 453 441
23 99 698
510 511 24
317 475 714
219 246 703
319 320 774
404 405 697
264 125 275
67 54 483
121 219 95
510 530 450
262 59 938
121 153 156
162 358 830
317 318 1
121 122 184
121 123 291
65 391 722
316 415 768
166 10 268
216 349 60
451 494 424
260 261 272
452 402 526
365 366 470
317 335 220
513 438 510
403 404 616
120 259 917
262 88 745
512 525 770
26 27 90
365 420 777
451 452 761
217 218 340
512 544 233
317 301 910
69 70 584
163 251 77
451 463 119
217 230 580
219 52 327
165 75 360
164 165 317
260 293 895
163 198 530
218 246 231
365 438 277
366 356 308
117 430 450
513 407 9
402 403 213
514 326 425
215 499 572
452 330 974
24 152 739
365 422 930
65 325 362
512 513 687
164 122 95
219 136 756
121 59 516
68 69 521
512 522 594
63 511 889
217 325 696
365 434 488
65 330 704
163 164 465
162 252 734
63 528 324
401 522 170
262 160 736
218 219 742
121 95 573
366 367 878
24 122 948
513 388 46
220 15 301
25 26 965
263 79 158
403 362 679
261 262 50
362 509 464
407 421 543
450 451 363
215 300 346
70 71 206
218 35 22
264 282 508
216 217 997
69 165 821
407 408 643
216 236 453
362 521 532
514 515 191
70 54 855
266 83 6
22 23 256
264 265 418
319 519 698
364 365 415
119 214 150
321 335 352
363 452 314
120 121 967
321 322 463
406 533 953
449 528 110
68 273 322
364 382 833
118 317 976
265 215 169
320 401 686
168 169 549
406 519 309
218 24 156
167 259 317
70 91 867
267 31 412
406 517 357
319 485 147
119 120 346
266 175 577
407 350 850
449 472 742
450 402 235
322 323 640
19 239 217
217 210 885
451 316 659
406 478 442
68 223 695
120 60 781
515 348 562
218 72 176
513 514 684
168 119 904
216 247 494
167 208 956
68 217 996
514 429 800
364 420 689
449 460 614
450 371 363
514 419 77
513 507 209
168 110 655
265 277 255
16 468 942
21 22 433
218 90 369
19 198 369
449 450 671
118 250 666
265 266 740
166 278 952
407 369 939
215 173 635
320 321 309
265 63 144
71 112 612
318 506 763
212 448 176
19 413 930
263 249 217
450 322 581
212 454 430
71 95 616
405 449 318
517 378 601
167 168 395
118 164 938
516 466 968
119 78 368
70 232 37
118 168 489
117 254 785
406 407 315
70 235 789
166 233 786
447 548 2
212 417 944
22 112 991
68 421 406
23 24 361
263 281 805
405 485 246
318 451 527
515 516 991
363 331 889
21 213 435
72 43 206
450 309 150
263 264 55
363 336 709
216 152 974
19 342 530
266 40 773
405 404 985
405 406 568
168 32 337
361 534 989
517 333 399
319 482 295
363 364 371
265 106 354
448 449 790
66 485 933
406 301 575
117 188 520
17 538 59
168 14 990
70 171 496
166 167 199
404 529 341
215 216 370
166 156 884
70 155 871
266 53 678
320 338 281
118 119 697
119 29 390
71 72 373
69 247 552
256 249 235
167 523 644
213 214 504
172 73 973
170 245 729
505 506 855
506 419 227
459 398 319
16 264 700
411 352 705
58 415 890
128 182 332
360 466 117
129 87 252
361 362 530
171 172 674
256 255 607
256 257 406
257 163 284
58 368 386
127 258 883
210 518 930
126 343 591
213 242 151
310 549 402
312 372 641
311 465 473
410 411 56
212 323 806
19 20 411
507 383 349
13 479 530
61 62 788
61 64 285
167 456 231
127 225 836
169 279 546
362 363 967
17 128 344
60 157 815
313 314 388
504 531 293
409 443 552
128 129 19
18 19 838
17 110 890
169 297 197
15 291 424
258 138 662
506 372 332
16 243 953
458 459 994
214 215 72
123 542 644
409 410 612
129 6 612
312 459 314
59 218 763
362 311 292
215 109 617
505 495 577
458 354 402
19 134 63
171 27 525
254 288 965
309 491 996
252 472 22
311 312 348
409 392 954
457 426 591
410 306 800
360 325 994
409 398 586
166 485 466
58 538 547
410 317 241
254 312 323
459 296 557
358 485 7
459 303 176
254 255 947
16 427 44
507 493 641
212 213 288
127 128 335
254 265 639
210 388 144
310 434 324
310 439 225
457 458 214
253 362 986
409 369 932
310 441 987
507 508 580
310 442 749
311 353 235
508 426 513
310 448 415
63 64 590
212 196 275
359 389 916
170 171 674
360 305 624
125 289 270
358 484 718
408 409 737
170 53 288
254 353 619
58 455 770
256 179 706
127 95 527
255 275 109
359 481 183
456 457 137
258 16 408
18 152 140
506 507 646
62 63 350
312 313 953
169 170 767
360 375 411
457 425 290
211 362 877
506 528 657
312 320 501
20 21 233
62 73 414
360 361 45
126 127 864
256 157 390
14 526 63
169 186 17
310 505 725
19 80 26
310 516 170
255 256 243
360 364 816
122 463 781
127 18 607
212 34 263
210 211 825
357 465 917
124 276 914
125 184 537
315 349 785
413 414 724
359 314 821
508 509 987
172 330 64
175 60 244
16 17 869
357 478 769
315 335 586
64 104 522
125 164 53
63 195 318
316 300 548
210 241 937
64 102 94
125 157 731
211 146 517
207 527 345
358 359 477
412 466 862
174 175 564
258 284 169
358 452 155
359 360 587
125 126 544
260 228 603
64 65 344
509 358 923
316 317 515
173 174 877
10 489 829
12 306 952
260 199 929
455 456 204
258 372 438
315 450 94
509 397 786
211 212 637
13 235 411
260 176 613
316 348 754
412 413 390
257 444 46
315 438 35
126 24 975
15 71 657
456 378 781
259 260 121
61 282 75
413 294 658
510 461 920
511 377 747
16 123 734
314 315 313
313 408 9
259 120 221
454 455 218
210 94 410
171 285 463
312 468 411
509 534 548
61 517 797
357 358 143
66 67 905
211 22 776
257 258 43
210 105 244
125 35 195
124 125 641
208 297 846
511 416 266
209 210 198
261 1 401
411 412 387
122 257 916
411 413 473
312 548 973
261 8 927
16 69 44
173 62 150
173 66 229
16 77 270
65 83 549
258 259 641
315 316 632
171 264 819
65 66 572
209 259 281
173 96 133
315 326 144
356 463 402
412 298 365
17 18 736
169 427 691
409 542 801
16 109 551
124 67 955
509 504 415
358 295 364
315 309 798
509 516 936
211 106 259
454 435 376
509 510 244
209 287 417
212 19 845
61 419 9
357 393 411
211 111 981
172 173 476
123 166 228
253 27 675
34 170 260
499 500 369
501 333 379
154 116 464
548 461 132
155 26 719
547 548 322
416 323 585
415 416 350
253 58 7
329 427 530
208 209 838
379 380 256
153 154 362
78 79 284
414 516 562
111 112 457
499 479 7
112 22 914
35 36 191
330 354 877
251 252 45
154 85 712
414 532 400
378 458 960
499 490 982
152 268 140
415 450 719
150 517 927
78 115 604
35 150 880
36 59 952
548 549 607
378 379 298
329 403 958
415 473 187
110 209 101
378 353 195
500 501 447
250 251 345
209 75 594
378 366 553
330 331 913
75 408 769
112 76 666
464 465 16
415 491 196
78 146 851
415 485 960
251 175 629
465 373 457
152 317 166
549 487 633
151 409 857
36 37 380
112 90 829
252 95 196
416 417 80
154 149 587
151 419 754
79 76 96
154 155 319
463 546 147
79 80 829
249 374 807
111 162 457
378 315 458
207 208 365
378 320 120
462 491 878
37 38 180
502 370 622
152 153 435
75 444 539
329 330 723
153 62 432
249 250 556
246 517 997
36 113 395
109 110 778
462 463 449
34 287 112
377 378 379
78 194 56
78 218 232
376 515 98
377 426 667
108 239 993
549 548 852
36 86 504
461 530 209
251 126 766
327 495 90
251 120 962
414 403 669
463 464 624
415 332 79
503 336 569
377 335 714
414 415 748
108 275 948
327 444 30
248 301 976
414 444 714
464 362 673
415 349 767
206 207 446
154 49 289
80 81 151
502 437 613
462 514 564
328 329 61
111 42 46
415 384 404
79 207 609
376 449 329
501 502 192
110 111 723
254 210 839
502 501 560
502 503 472
503 416 379
254 208 807
545 475 62
156 206 589
332 476 96
546 390 666
254 216 277
255 127 137
502 486 382
206 157 276
375 448 685
205 249 735
206 160 892
460 535 109
33 13 291
77 400 108
546 411 483
205 204 11
503 380 454
376 377 591
81 82 559
547 325 167
108 109 732
207 32 803
104 462 984
205 206 767
546 427 63
81 71 416
418 419 109
156 157 58
109 37 52
333 337 568
333 334 914
461 414 639
331 513 425
377 307 914
30 248 979
332 430 607
107 209 501
546 437 906
253 233 384
204 257 980
331 491 370
375 376 376
503 490 30
79 304 211
80 215 808
32 153 450
31 246 602
545 546 164
462 416 684
157 158 705
462 427 24
107 243 505
374 492 57
376 312 433
419 404 129
503 458 156
331 471 530
547 395 925
461 462 466
33 34 505
107 271 666
332 351 414
201 511 530
418 474 761
253 254 258
81 142 950
463 301 905
416 452 959
204 205 903
205 116 470
82 98 314
34 35 889
107 35 373
155 156 884
373 478 802
204 196 685
374 390 859
151 514 782
204 198 334
155 152 750
504 444 464
252 253 982
107 48 570
82 83 674
332 333 926
80 256 851
546 547 398
547 463 923
151 484 333
331 395 930
155 118 749
203 277 489
416 468 341
155 116 85
503 504 113
201 448 518
255 6 252
459 460 152
547 493 282
460 461 836
504 530 947
418 344 975
82 156 928
254 16 441
417 418 656
31 361 55
460 450 516
374 354 989
156 122 163
373 435 790
252 175 544
417 406 10
547 501 117
504 505 104
205 57 594
33 197 245
253 91 389
107 108 885
329 524 911
31 338 443
331 332 20
329 511 506
33 150 895
83 94 785
252 221 804
373 472 578
418 354 909
80 360 749
548 443 357
374 375 854
83 84 961
152 440 498
203 204 849
246 165 981
373 402 979
493 490 710
157 312 772
544 348 996
493 488 610
373 401 562
204 55 46
201 324 907
116 178 685
469 470 124
421 406 314
493 494 918
421 408 305
244 365 503
117 73 256
421 422 711
159 160 179
29 68 525
71 159 445
372 462 468
470 409 916
204 80 123
494 433 879
72 73 217
155 524 363
470 418 482
323 490 932
373 374 410
245 234 245
420 464 853
27 265 544
29 87 367
544 301 917
115 212 401
246 160 501
28 185 656
245 246 761
26 362 814
161 16 562
422 302 497
325 326 146
117 147 217
245 195 496
324 298 893
73 74 865
72 166 634
161 30 225
423 294 437
199 437 377
28 234 683
156 474 520
158 305 41
30 31 162
371 507 460
494 487 362
203 70 287
323 413 743
324 325 381
244 305 398
470 471 676
494 495 351
28 257 932
113 467 118
471 385 583
371 485 101
202 203 67
118 31 609
322 520 267
420 534 323
117 118 909
471 393 598
373 315 583
542 543 663
203 95 65
160 161 981
421 447 151
73 60 941
200 358 90
469 547 995
202 192 463
159 253 425
156 282 490
372 373 301
495 451 301
31 32 17
418 545 347
155 361 307
323 324 302
467 512 781
323 320 63
74 75 615
159 31 814
244 245 177
115 116 923
322 427 75
418 520 971
468 469 482
543 544 865
243 287 847
71 287 807
419 420 6
159 36 826
468 455 747
115 90 659
322 472 180
495 496 894
418 527 309
201 202 748
469 354 387
244 200 716
202 120 185
497 308 807
116 117 284
496 422 461
469 408 862
159 76 463
320 537 674
243 244 727
544 545 716
469 405 659
158 159 622
546 358 489
200 204 769
496 427 299
370 458 924
200 201 703
371 372 396
370 464 872
320 546 694
322 388 324
470 356 102
32 38 125
116 79 459
32 33 45
421 305 772
243 211 143
470 347 990
74 112 329
420 421 939
31 106 23
323 307 2
495 548 999
29 279 130
73 186 550
496 497 907
540 437 273
72 371 105
540 431 331
26 75 1
251 3 743
159 413 518
466 467 325
163 62 139
541 351 743
369 490 799
112 269 428
466 480 283
423 483 750
23 349 505
250 65 598
539 540 779
248 249 4
370 412 42
467 385 810
498 310 472
370 421 541
115 14 974
199 253 264
200 163 702
75 76 670
74 168 582
163 88 512
468 326 319
326 494 1000
370 371 537
112 237 864
27 28 565
112 243 836
162 163 315
371 297 695
27 44 935
75 170 95
250 19 237
27 40 625
542 321 56
196 437 485
26 144 626
249 119 170
468 352 60
466 536 483
498 390 723
326 373 404
198 263 751
249 91 62
540 515 655
76 77 319
467 456 961
424 465 171
26 155 355
327 297 144
497 498 775
540 467 411
467 468 39
74 227 819
199 200 828
25 264 450
26 169 43
23 437 981
423 539 620
114 115 464
497 483 609
424 419 672
424 425 639
247 248 775
327 328 660
465 432 922
325 428 566
498 456 998
368 457 334
194 548 886
160 196 80
28 29 738
543 301 176
25 283 87
326 327 780
369 357 142
247 224 407
497 529 329
27 128 671
466 353 803
465 441 126
198 199 304
324 493 593
159 261 880
423 351 77
326 310 596
369 370 788
324 548 374
540 541 42
77 32 227
500 303 878
326 361 945
498 477 524
324 541 9
500 301 794
76 116 799
422 423 836
541 466 317
367 525 785
467 295 441
465 466 793
112 113 790
197 220 945
199 43 175
541 542 352
160 260 314
162 82 759
26 264 214
367 468 553
246 247 158
161 162 453
542 449 459
498 499 497
542 469 106
544 295 107
466 422 948
423 424 663
26 282 411
246 236 232
113 114 587
113 79 489
499 459 187
29 30 922
199 70 28
78 7 362
423 397 190
368 353 26
161 197 151
543 350 876
195 446 129
77 78 177
157 542 338
498 535 29
423 383 536
466 444 672
77 72 514
368 369 795
